             dbm     colon       dot   dbm_var  colon_var   dot_var
freq                                                               
4920 -104.650000  0.000000  1.000000  7.282422   1.564117  0.000559
4921 -101.683333  0.000000  1.000000  7.282422   1.564117  0.000559
4922  -99.450000  0.250000  1.000000  7.282422   1.564117  0.000559
4923  -98.850000  0.533333  1.000000  7.282422   1.564117  0.000559
4924  -96.500000  2.083333  1.000000  7.282422   1.564117  0.000559
4925  -96.850000  2.000000  1.000000  7.282422   1.564117  0.000559
4926  -99.250000  0.250000  1.000000  7.282422   1.564117  0.000559
4927  -98.900000  0.366667  1.033333  7.282422   1.564117  0.000559
4928  -98.433333  0.950000  1.000000  7.282422   1.564117  0.000559
4929  -99.250000  0.333333  1.033333  7.282422   1.564117  0.000559
4930 -100.150000  0.083333  1.000000  7.282422   1.564117  0.000559
4931  -99.700000  0.150000  1.000000  7.282422   1.564117  0.000559
4932  -99.033333  0.083333  1.000000  7.282422   1.564117  0.000559
4933  -98.683333  0.633333  1.000000  7.282422   1.564117  0.000559
4934  -98.650000  0.716667  1.000000  7.282422   1.564117  0.000559
4935  -98.866667  0.666667  1.033333  7.282422   1.564117  0.000559
4936  -98.633333  0.800000  1.000000  7.282422   1.564117  0.000559
4937  -98.883333  0.450000  1.000000  7.282422   1.564117  0.000559
4938  -99.183333  0.300000  1.000000  7.282422   1.564117  0.000559
4939  -99.166667  0.150000  1.000000  7.282422   1.564117  0.000559
4940  -99.916667  0.150000  1.000000  7.282422   1.564117  0.000559
4941  -99.050000  0.283333  1.000000  7.282422   1.564117  0.000559
4942  -98.666667  0.616667  1.000000  7.282422   1.564117  0.000559
4943  -98.533333  0.866667  1.033333  7.282422   1.564117  0.000559
4944  -98.500000  0.850000  1.033333  7.282422   1.564117  0.000559
4945  -98.416667  0.900000  1.050000  7.282422   1.564117  0.000559
4946  -98.500000  0.783333  1.016667  7.282422   1.564117  0.000559
4947  -98.316667  1.016667  1.066667  7.282422   1.564117  0.000559
4948  -98.833333  0.383333  1.000000  7.282422   1.564117  0.000559
4949  -98.733333  0.766667  1.033333  7.282422   1.564117  0.000559
4950  -99.450000  0.250000  1.000000  7.282422   1.564117  0.000559
4951  -98.866667  0.583333  1.000000  7.282422   1.564117  0.000559
4952  -98.600000  0.750000  1.000000  7.282422   1.564117  0.000559
4953  -98.100000  1.116667  1.016667  7.282422   1.564117  0.000559
4954  -98.100000  1.233333  1.000000  7.282422   1.564117  0.000559
4955  -98.466667  0.833333  1.050000  7.282422   1.564117  0.000559
4956  -98.316667  0.950000  1.050000  7.282422   1.564117  0.000559
4957  -98.316667  0.866667  1.033333  7.282422   1.564117  0.000559
4958  -98.833333  0.600000  1.050000  7.282422   1.564117  0.000559
4959  -98.883333  0.500000  1.050000  7.282422   1.564117  0.000559
4960  -99.350000  0.333333  1.033333  7.282422   1.564117  0.000559
4961  -98.750000  0.650000  1.000000  7.282422   1.564117  0.000559
4962  -98.916667  0.350000  1.000000  7.282422   1.564117  0.000559
4963  -98.650000  0.616667  1.000000  7.282422   1.564117  0.000559
4964  -98.500000  0.850000  1.033333  7.282422   1.564117  0.000559
4965  -98.550000  0.750000  1.050000  7.282422   1.564117  0.000559
4966  -98.283333  1.016667  1.000000  7.282422   1.564117  0.000559
4967  -98.350000  1.050000  1.016667  7.282422   1.564117  0.000559
4968  -98.950000  0.600000  1.050000  7.282422   1.564117  0.000559
4969  -99.716667  0.083333  1.000000  7.282422   1.564117  0.000559
4970 -100.483333  0.116667  1.050000  7.282422   1.564117  0.000559
4971  -99.783333  0.000000  1.000000  7.282422   1.564117  0.000559
4972  -98.683333  0.650000  1.050000  7.282422   1.564117  0.000559
4973  -98.500000  0.900000  1.050000  7.282422   1.564117  0.000559
4974  -94.833333  3.450000  1.000000  7.282422   1.564117  0.000559
4975  -94.833333  3.350000  1.000000  7.282422   1.564117  0.000559
4976  -97.616667  1.716667  1.116667  7.282422   1.564117  0.000559
4977  -98.450000  0.916667  1.050000  7.282422   1.564117  0.000559
4978  -99.200000  0.233333  1.000000  7.282422   1.564117  0.000559
4979  -99.966667  0.083333  1.000000  7.282422   1.564117  0.000559
4980 -100.550000  0.000000  1.000000  7.282422   1.564117  0.000559
4981  -99.283333  0.266667  1.000000  7.282422   1.564117  0.000559
4982  -98.400000  0.850000  1.033333  7.282422   1.564117  0.000559
4983  -97.966667  1.350000  1.000000  7.282422   1.564117  0.000559
4984  -98.066667  1.166667  1.033333  7.282422   1.564117  0.000559
4985  -97.933333  1.366667  1.083333  7.282422   1.564117  0.000559
4986  -98.033333  1.283333  1.033333  7.282422   1.564117  0.000559
4987  -98.133333  1.166667  1.050000  7.282422   1.564117  0.000559
4988  -98.183333  1.116667  1.083333  7.282422   1.564117  0.000559
4989  -98.233333  0.966667  1.033333  7.282422   1.564117  0.000559
4990  -99.050000  0.483333  1.000000  7.282422   1.564117  0.000559
4991  -98.300000  1.016667  1.083333  7.282422   1.564117  0.000559
4992  -97.783333  1.383333  1.000000  7.282422   1.564117  0.000559
4993  -97.633333  1.633333  1.000000  7.282422   1.564117  0.000559
4994  -97.666667  1.566667  1.033333  7.282422   1.564117  0.000559
4995  -97.900000  1.400000  1.000000  7.282422   1.564117  0.000559
4996  -97.583333  1.783333  1.000000  7.282422   1.564117  0.000559
4997  -97.666667  1.600000  1.033333  7.282422   1.564117  0.000559
4998  -97.766667  1.433333  1.000000  7.282422   1.564117  0.000559
4999  -98.016667  1.266667  1.033333  7.282422   1.564117  0.000559
5000  -98.583333  0.900000  1.050000  7.282422   1.564117  0.000559
5001  -97.966667  1.266667  1.033333  7.282422   1.564117  0.000559
5002  -97.716667  1.583333  1.000000  7.282422   1.564117  0.000559
5003  -97.250000  1.850000  1.000000  7.282422   1.564117  0.000559
5004  -97.450000  1.766667  1.000000  7.282422   1.564117  0.000559
5005  -97.483333  1.800000  1.000000  7.282422   1.564117  0.000559
5006  -97.300000  1.916667  1.000000  7.282422   1.564117  0.000559
5007  -97.450000  1.833333  1.000000  7.282422   1.564117  0.000559
5008  -97.883333  1.333333  1.000000  7.282422   1.564117  0.000559
5009  -97.933333  1.450000  1.033333  7.282422   1.564117  0.000559
5010  -98.183333  1.133333  1.050000  7.282422   1.564117  0.000559
5011  -97.966667  1.283333  1.000000  7.282422   1.564117  0.000559
5012  -97.250000  1.883333  1.000000  7.282422   1.564117  0.000559
5013  -97.266667  1.916667  1.000000  7.282422   1.564117  0.000559
5014  -97.083333  2.066667  1.016667  7.282422   1.564117  0.000559
5015  -97.366667  1.950000  1.000000  7.282422   1.564117  0.000559
5016  -96.516667  2.000000  1.000000  7.282422   1.564117  0.000559
5017  -96.933333  2.083333  1.000000  7.282422   1.564117  0.000559
5018  -97.566667  1.766667  1.000000  7.282422   1.564117  0.000559
5019  -97.766667  1.616667  1.050000  7.282422   1.564117  0.000559
5020  -98.383333  0.900000  1.050000  7.282422   1.564117  0.000559
5021  -97.766667  1.483333  1.150000  7.282422   1.564117  0.000559
5022  -97.333333  1.816667  1.000000  7.282422   1.564117  0.000559
5023  -96.933333  2.000000  1.000000  7.282422   1.564117  0.000559
5024  -95.350000  2.916667  1.000000  7.282422   1.564117  0.000559
5025  -95.150000  3.066667  1.016667  7.282422   1.564117  0.000559
5026  -96.616667  2.083333  1.000000  7.282422   1.564117  0.000559
5027  -97.066667  2.000000  1.000000  7.282422   1.564117  0.000559
5028  -97.533333  1.783333  1.016667  7.282422   1.564117  0.000559
5029  -97.700000  1.550000  1.033333  7.282422   1.564117  0.000559
5030  -98.066667  1.300000  1.100000  7.282422   1.564117  0.000559
5031  -97.683333  1.666667  1.050000  7.282422   1.564117  0.000559
5032  -97.150000  1.950000  1.000000  7.282422   1.564117  0.000559
5033  -96.750000  2.050000  1.000000  7.282422   1.564117  0.000559
5034  -96.816667  2.000000  1.000000  7.282422   1.564117  0.000559
5035  -97.050000  1.900000  1.033333  7.282422   1.564117  0.000559
5036  -96.700000  2.000000  1.000000  7.282422   1.564117  0.000559
5037  -96.700000  2.083333  1.000000  7.282422   1.564117  0.000559
5038  -97.216667  1.933333  1.000000  7.282422   1.564117  0.000559
5039  -97.383333  1.833333  1.000000  7.282422   1.564117  0.000559
5040  -97.900000  1.516667  1.000000  7.282422   1.564117  0.000559
5041  -97.450000  1.816667  1.000000  7.282422   1.564117  0.000559
5042  -96.783333  2.000000  1.000000  7.282422   1.564117  0.000559
5043  -96.400000  2.116667  1.050000  7.282422   1.564117  0.000559
5044  -96.650000  2.083333  1.000000  7.282422   1.564117  0.000559
5045  -96.700000  2.000000  1.000000  7.282422   1.564117  0.000559
5046  -96.466667  2.000000  1.000000  7.282422   1.564117  0.000559
5047  -96.816667  2.000000  1.000000  7.282422   1.564117  0.000559
5048  -96.950000  2.000000  1.000000  7.282422   1.564117  0.000559
5049  -97.216667  1.916667  1.000000  7.282422   1.564117  0.000559
5050  -97.900000  1.516667  1.100000  7.282422   1.564117  0.000559
5051  -97.016667  2.050000  1.000000  7.282422   1.564117  0.000559
5052  -96.600000  2.000000  1.000000  7.282422   1.564117  0.000559
5053  -96.383333  2.150000  1.000000  7.282422   1.564117  0.000559
5054  -96.250000  2.150000  1.000000  7.282422   1.564117  0.000559
5055  -96.550000  2.083333  1.000000  7.282422   1.564117  0.000559
5056  -96.433333  2.083333  1.000000  7.282422   1.564117  0.000559
5057  -96.433333  2.150000  1.000000  7.282422   1.564117  0.000559
5058  -96.616667  2.000000  1.000000  7.282422   1.564117  0.000559
5059  -96.983333  2.000000  1.000000  7.282422   1.564117  0.000559
5060  -97.450000  1.766667  1.016667  7.282422   1.564117  0.000559
5061  -96.883333  2.000000  1.000000  7.282422   1.564117  0.000559
5062  -96.533333  2.083333  1.000000  7.282422   1.564117  0.000559
5063  -96.333333  2.000000  1.000000  7.282422   1.564117  0.000559
5064  -96.116667  2.150000  1.000000  7.282422   1.564117  0.000559
5065  -96.366667  2.183333  1.000000  7.282422   1.564117  0.000559
5066  -96.100000  2.300000  1.000000  7.282422   1.564117  0.000559
5067  -96.166667  2.200000  1.000000  7.282422   1.564117  0.000559
5068  -96.516667  2.150000  1.000000  7.282422   1.564117  0.000559
5069  -96.700000  2.000000  1.000000  7.282422   1.564117  0.000559
5070  -97.166667  1.916667  1.033333  7.282422   1.564117  0.000559
5071  -96.716667  2.000000  1.000000  7.282422   1.564117  0.000559
5072  -96.300000  2.116667  1.000000  7.282422   1.564117  0.000559
5073  -96.183333  2.150000  1.000000  7.282422   1.564117  0.000559
5074  -95.566667  2.683333  1.050000  7.282422   1.564117  0.000559
5075  -95.600000  2.716667  1.050000  7.282422   1.564117  0.000559
5076  -95.916667  2.383333  1.000000  7.282422   1.564117  0.000559
5077  -95.966667  2.150000  1.000000  7.282422   1.564117  0.000559
5078  -96.266667  2.150000  1.000000  7.282422   1.564117  0.000559
5079  -96.550000  2.150000  1.033333  7.282422   1.564117  0.000559
5080  -97.316667  1.866667  1.066667  7.282422   1.564117  0.000559
5081  -96.566667  2.083333  1.000000  7.282422   1.564117  0.000559
5082  -95.983333  2.366667  1.050000  7.282422   1.564117  0.000559
5083  -95.750000  2.483333  1.000000  7.282422   1.564117  0.000559
5084  -95.783333  2.450000  1.000000  7.282422   1.564117  0.000559
5085  -96.000000  2.200000  1.000000  7.282422   1.564117  0.000559
5086  -96.033333  2.116667  1.000000  7.282422   1.564117  0.000559
5087  -95.933333  2.300000  1.000000  7.282422   1.564117  0.000559
5088  -96.100000  2.150000  1.000000  7.282422   1.564117  0.000559
5089  -96.350000  2.150000  1.000000  7.282422   1.564117  0.000559
5090  -97.050000  2.016667  1.000000  7.282422   1.564117  0.000559
5091  -96.366667  2.066667  1.000000  7.282422   1.564117  0.000559
5092  -96.033333  2.300000  1.000000  7.282422   1.564117  0.000559
5093  -95.766667  2.550000  1.000000  7.282422   1.564117  0.000559
5094  -95.816667  2.366667  1.000000  7.282422   1.564117  0.000559
5095  -95.883333  2.316667  1.000000  7.282422   1.564117  0.000559
5096  -95.800000  2.533333  1.000000  7.282422   1.564117  0.000559
5097  -95.650000  2.616667  1.050000  7.282422   1.564117  0.000559
5098  -95.850000  2.483333  1.000000  7.282422   1.564117  0.000559
5099  -96.333333  2.250000  1.000000  7.282422   1.564117  0.000559
5100  -96.816667  2.050000  1.033333  7.282422   1.564117  0.000559
5101  -96.200000  2.150000  1.000000  7.282422   1.564117  0.000559
5102  -95.500000  2.866667  1.033333  7.282422   1.564117  0.000559
5103  -95.066667  3.116667  1.000000  7.282422   1.564117  0.000559
5104  -95.166667  3.066667  1.000000  7.282422   1.564117  0.000559
5105  -95.600000  2.783333  1.000000  7.282422   1.564117  0.000559
5106  -95.416667  2.900000  1.000000  7.282422   1.564117  0.000559
5107  -95.333333  2.966667  1.000000  7.282422   1.564117  0.000559
5108  -95.683333  2.650000  1.000000  7.282422   1.564117  0.000559
5109  -95.650000  2.666667  1.000000  7.282422   1.564117  0.000559
5110  -96.416667  2.133333  1.033333  7.282422   1.564117  0.000559
5111  -96.033333  2.400000  1.000000  7.282422   1.564117  0.000559
5112  -95.733333  2.516667  1.000000  7.282422   1.564117  0.000559
5113  -95.650000  2.733333  1.016667  7.282422   1.564117  0.000559
5114  -95.650000  2.650000  1.000000  7.282422   1.564117  0.000559
5115  -95.683333  2.566667  1.000000  7.282422   1.564117  0.000559
5116  -95.333333  2.950000  1.016667  7.282422   1.564117  0.000559
5117  -95.383333  2.883333  1.000000  7.282422   1.564117  0.000559
5118  -95.683333  2.600000  1.000000  7.282422   1.564117  0.000559
5119  -97.650000  1.650000  1.033333  7.282422   1.564117  0.000559
5120 -100.450000  0.000000  1.000000  7.282422   1.564117  0.000559
5121  -96.983333  1.933333  1.000000  7.282422   1.564117  0.000559
5122  -95.833333  2.516667  1.000000  7.282422   1.564117  0.000559
5123  -95.583333  2.666667  1.033333  7.282422   1.564117  0.000559
5124  -95.066667  3.250000  1.000000  7.282422   1.564117  0.000559
5125  -95.633333  2.733333  1.050000  7.282422   1.564117  0.000559
5126  -95.950000  2.400000  1.000000  7.282422   1.564117  0.000559
5127  -95.816667  2.466667  1.000000  7.282422   1.564117  0.000559
5128  -95.900000  2.566667  1.000000  7.282422   1.564117  0.000559
5129  -95.966667  2.316667  1.000000  7.282422   1.564117  0.000559
5130  -96.483333  2.150000  1.000000  7.282422   1.564117  0.000559
5131  -95.833333  2.450000  1.000000  7.282422   1.564117  0.000559
5132  -95.483333  2.850000  1.000000  7.282422   1.564117  0.000559
5133  -95.300000  2.966667  1.000000  7.282422   1.564117  0.000559
5134  -95.283333  3.000000  1.033333  7.282422   1.564117  0.000559
5135  -95.516667  2.800000  1.000000  7.282422   1.564117  0.000559
5136  -95.333333  2.966667  1.050000  7.282422   1.564117  0.000559
5137  -95.583333  2.733333  1.000000  7.282422   1.564117  0.000559
5138  -95.716667  2.583333  1.000000  7.282422   1.564117  0.000559
5139  -95.933333  2.433333  1.000000  7.282422   1.564117  0.000559
5140  -96.416667  2.150000  1.000000  7.282422   1.564117  0.000559
5141  -95.800000  2.500000  1.000000  7.282422   1.564117  0.000559
5142  -95.366667  2.966667  1.000000  7.282422   1.564117  0.000559
5143  -95.300000  2.966667  1.016667  7.282422   1.564117  0.000559
5144  -95.100000  3.100000  1.083333  7.282422   1.564117  0.000559
5145  -95.283333  3.050000  1.000000  7.282422   1.564117  0.000559
5146  -95.166667  3.150000  1.033333  7.282422   1.564117  0.000559
5147  -95.150000  3.050000  1.033333  7.282422   1.564117  0.000559
5148  -95.516667  2.816667  1.033333  7.282422   1.564117  0.000559
5149  -95.983333  2.216667  1.000000  7.282422   1.564117  0.000559
5150  -96.500000  2.150000  1.000000  7.282422   1.564117  0.000559
5151  -95.683333  2.733333  1.033333  7.282422   1.564117  0.000559
5152  -95.566667  2.666667  1.100000  7.282422   1.564117  0.000559
5153  -95.150000  3.166667  1.033333  7.282422   1.564117  0.000559
5154  -94.983333  3.283333  1.033333  7.282422   1.564117  0.000559
5155  -95.250000  3.100000  1.016667  7.282422   1.564117  0.000559
5156  -95.100000  3.050000  1.033333  7.282422   1.564117  0.000559
5157  -95.133333  3.116667  1.033333  7.282422   1.564117  0.000559
5158  -95.500000  2.866667  1.016667  7.282422   1.564117  0.000559
5159  -95.900000  2.383333  1.000000  7.282422   1.564117  0.000559
5160  -96.183333  2.283333  1.050000  7.282422   1.564117  0.000559
5161  -95.750000  2.683333  1.000000  7.282422   1.564117  0.000559
5162  -95.283333  3.016667  1.000000  7.282422   1.564117  0.000559
5163  -95.233333  3.116667  1.000000  7.282422   1.564117  0.000559
5164  -95.066667  3.166667  1.016667  7.282422   1.564117  0.000559
5165  -94.983333  3.366667  1.000000  7.282422   1.564117  0.000559
5166  -94.900000  3.400000  1.000000  7.282422   1.564117  0.000559
5167  -94.866667  3.550000  1.000000  7.282422   1.564117  0.000559
5168  -95.450000  2.800000  1.000000  7.282422   1.564117  0.000559
5169  -95.450000  2.866667  1.016667  7.282422   1.564117  0.000559
5170  -95.800000  2.633333  1.033333  7.282422   1.564117  0.000559
5171  -95.533333  2.766667  1.000000  7.282422   1.564117  0.000559
5172  -95.066667  3.300000  1.050000  7.282422   1.564117  0.000559
5173  -94.783333  3.400000  1.033333  7.282422   1.564117  0.000559
5174  -94.016667  4.033333  1.000000  7.282422   1.564117  0.000559
5175  -93.716667  4.000000  1.000000  7.282422   1.564117  0.000559
5176  -94.750000  3.533333  1.033333  7.282422   1.564117  0.000559
5177  -94.900000  3.283333  1.000000  7.282422   1.564117  0.000559
5178  -95.316667  3.016667  1.033333  7.282422   1.564117  0.000559
5179  -95.450000  2.800000  1.000000  7.282422   1.564117  0.000559
5180  -96.200000  2.416667  1.016667  7.282422   1.564117  0.000559
5181  -95.483333  2.866667  1.066667  7.282422   1.564117  0.000559
5182  -95.016667  3.200000  1.050000  7.282422   1.564117  0.000559
5183  -94.950000  3.283333  1.066667  7.282422   1.564117  0.000559
5184  -94.800000  3.500000  1.000000  7.282422   1.564117  0.000559
5185  -95.000000  3.316667  1.016667  7.282422   1.564117  0.000559
5186  -94.866667  3.316667  1.016667  7.282422   1.564117  0.000559
5187  -94.800000  3.466667  1.000000  7.282422   1.564117  0.000559
5188  -95.250000  3.016667  1.000000  7.282422   1.564117  0.000559
5189  -95.516667  2.783333  1.050000  7.282422   1.564117  0.000559
5190  -96.066667  2.450000  1.033333  7.282422   1.564117  0.000559
5191  -95.350000  2.966667  1.033333  7.282422   1.564117  0.000559
5192  -94.950000  3.283333  1.000000  7.282422   1.564117  0.000559
5193  -95.033333  3.150000  1.016667  7.282422   1.564117  0.000559
5194  -94.700000  3.516667  1.000000  7.282422   1.564117  0.000559
5195  -95.000000  3.266667  1.033333  7.282422   1.564117  0.000559
5196  -94.750000  3.483333  1.000000  7.282422   1.564117  0.000559
5197  -94.900000  3.233333  1.000000  7.282422   1.564117  0.000559
5198  -95.016667  3.166667  1.000000  7.282422   1.564117  0.000559
5199  -95.116667  3.200000  1.050000  7.282422   1.564117  0.000559
5200  -95.933333  2.450000  1.033333  7.282422   1.564117  0.000559
5201  -95.250000  3.066667  1.000000  7.282422   1.564117  0.000559
5202  -95.000000  3.250000  1.083333  7.282422   1.564117  0.000559
5203  -94.833333  3.516667  1.066667  7.282422   1.564117  0.000559
5204  -94.866667  3.433333  1.000000  7.282422   1.564117  0.000559
5205  -94.816667  3.383333  1.000000  7.282422   1.564117  0.000559
5206  -94.933333  3.350000  1.033333  7.282422   1.564117  0.000559
5207  -94.966667  3.150000  1.033333  7.282422   1.564117  0.000559
5208  -95.150000  3.100000  1.000000  7.282422   1.564117  0.000559
5209  -95.483333  2.866667  1.033333  7.282422   1.564117  0.000559
5210  -95.966667  2.566667  1.000000  7.282422   1.564117  0.000559
5211  -95.450000  3.000000  1.033333  7.282422   1.564117  0.000559
5212  -95.133333  3.183333  1.050000  7.282422   1.564117  0.000559
5213  -94.683333  3.583333  1.050000  7.282422   1.564117  0.000559
5214  -94.800000  3.450000  1.000000  7.282422   1.564117  0.000559
5215  -95.066667  3.283333  1.066667  7.282422   1.564117  0.000559
5216  -94.966667  3.183333  1.000000  7.282422   1.564117  0.000559
5217  -94.933333  3.383333  1.000000  7.282422   1.564117  0.000559
5218  -95.216667  3.183333  1.000000  7.282422   1.564117  0.000559
5219  -95.683333  2.850000  1.050000  7.282422   1.564117  0.000559
5220  -96.150000  2.400000  1.116667  7.282422   1.564117  0.000559
5221  -95.966667  2.566667  1.166667  7.282422   1.564117  0.000559
5222  -95.233333  3.050000  1.000000  7.282422   1.564117  0.000559
5223  -94.933333  3.250000  1.016667  7.282422   1.564117  0.000559
5224  -92.400000  4.816667  1.000000  7.282422   1.564117  0.000559
5225  -92.150000  5.033333  1.000000  7.282422   1.564117  0.000559
5226  -94.416667  3.866667  1.000000  7.282422   1.564117  0.000559
5227  -94.816667  3.533333  1.066667  7.282422   1.564117  0.000559
5228  -95.200000  3.100000  1.000000  7.282422   1.564117  0.000559
5229  -95.966667  2.466667  1.050000  7.282422   1.564117  0.000559
5230  -96.216667  2.483333  1.016667  7.282422   1.564117  0.000559
5231  -95.733333  2.616667  1.050000  7.282422   1.564117  0.000559
5232  -95.316667  3.133333  1.016667  7.282422   1.564117  0.000559
5233  -95.000000  3.200000  1.000000  7.282422   1.564117  0.000559
5234  -94.800000  3.433333  1.016667  7.282422   1.564117  0.000559
5235  -95.083333  3.083333  1.000000  7.282422   1.564117  0.000559
5236  -94.900000  3.483333  1.066667  7.282422   1.564117  0.000559
5237  -94.950000  3.333333  1.000000  7.282422   1.564117  0.000559
5238  -95.216667  3.100000  1.033333  7.282422   1.564117  0.000559
5239  -95.333333  2.916667  1.000000  7.282422   1.564117  0.000559
5240  -96.350000  2.150000  1.000000  7.282422   1.564117  0.000559
5241  -95.400000  2.883333  1.083333  7.282422   1.564117  0.000559
5242  -95.066667  3.200000  1.050000  7.282422   1.564117  0.000559
5243  -94.683333  3.633333  1.000000  7.282422   1.564117  0.000559
5244  -94.766667  3.516667  1.000000  7.282422   1.564117  0.000559
5245  -95.066667  3.166667  1.033333  7.282422   1.564117  0.000559
5246  -94.833333  3.383333  1.000000  7.282422   1.564117  0.000559
5247  -94.750000  3.466667  1.033333  7.282422   1.564117  0.000559
5248  -95.266667  2.883333  1.000000  7.282422   1.564117  0.000559
5249  -95.416667  3.016667  1.066667  7.282422   1.564117  0.000559
5250  -95.916667  2.750000  1.050000  7.282422   1.564117  0.000559
5251  -95.666667  2.533333  1.000000  7.282422   1.564117  0.000559
5252  -95.066667  3.150000  1.083333  7.282422   1.564117  0.000559
5253  -94.683333  3.550000  1.000000  7.282422   1.564117  0.000559
5254  -94.833333  3.350000  1.000000  7.282422   1.564117  0.000559
5255  -94.983333  3.250000  1.000000  7.282422   1.564117  0.000559
5256  -94.866667  3.400000  1.066667  7.282422   1.564117  0.000559
5257  -94.583333  3.733333  1.000000  7.282422   1.564117  0.000559
5258  -95.300000  2.950000  1.033333  7.282422   1.564117  0.000559
5259  -95.583333  2.783333  1.000000  7.282422   1.564117  0.000559
5260  -95.833333  2.633333  1.000000  7.282422   1.564117  0.000559
5261  -95.516667  2.816667  1.000000  7.282422   1.564117  0.000559
5262  -95.066667  3.266667  1.000000  7.282422   1.564117  0.000559
5263  -94.600000  3.766667  1.033333  7.282422   1.564117  0.000559
5264  -94.866667  3.450000  1.000000  7.282422   1.564117  0.000559
5265  -95.083333  3.150000  1.000000  7.282422   1.564117  0.000559
5266  -94.733333  3.500000  1.000000  7.282422   1.564117  0.000559
5267  -94.766667  3.383333  1.033333  7.282422   1.564117  0.000559
5268  -95.400000  2.966667  1.100000  7.282422   1.564117  0.000559
5269  -95.800000  2.450000  1.000000  7.282422   1.564117  0.000559
5270  -96.066667  2.250000  1.050000  7.282422   1.564117  0.000559
5271  -95.500000  2.850000  1.083333  7.282422   1.564117  0.000559
5272  -95.250000  3.116667  1.050000  7.282422   1.564117  0.000559
5273  -94.800000  3.550000  1.033333  7.282422   1.564117  0.000559
5274  -93.350000  4.000000  1.000000  7.282422   1.564117  0.000559
5275  -93.133333  4.083333  1.000000  7.282422   1.564117  0.000559
5276  -94.450000  3.766667  1.000000  7.282422   1.564117  0.000559
5277  -94.733333  3.450000  1.000000  7.282422   1.564117  0.000559
5278  -95.216667  3.033333  1.000000  7.282422   1.564117  0.000559
5279  -95.316667  2.966667  1.033333  7.282422   1.564117  0.000559
5280  -95.750000  2.633333  1.033333  7.282422   1.564117  0.000559
5281  -95.566667  2.816667  1.033333  7.282422   1.564117  0.000559
5282  -95.300000  3.083333  1.066667  7.282422   1.564117  0.000559
5283  -94.850000  3.416667  1.033333  7.282422   1.564117  0.000559
5284  -95.066667  3.000000  1.000000  7.282422   1.564117  0.000559
5285  -95.066667  3.166667  1.033333  7.282422   1.564117  0.000559
5286  -94.766667  3.416667  1.000000  7.282422   1.564117  0.000559
5287  -94.866667  3.383333  1.033333  7.282422   1.564117  0.000559
5288  -95.316667  2.966667  1.066667  7.282422   1.564117  0.000559
5289  -95.583333  2.566667  1.000000  7.282422   1.564117  0.000559
5290  -96.166667  2.350000  1.050000  7.282422   1.564117  0.000559
5291  -95.466667  2.866667  1.000000  7.282422   1.564117  0.000559
5292  -95.066667  3.166667  1.000000  7.282422   1.564117  0.000559
5293  -95.000000  3.183333  1.016667  7.282422   1.564117  0.000559
5294  -94.866667  3.383333  1.033333  7.282422   1.564117  0.000559
5295  -95.033333  3.166667  1.000000  7.282422   1.564117  0.000559
5296  -94.866667  3.300000  1.000000  7.282422   1.564117  0.000559
5297  -94.866667  3.450000  1.016667  7.282422   1.564117  0.000559
5298  -95.300000  3.000000  1.033333  7.282422   1.564117  0.000559
5299  -95.500000  2.866667  1.050000  7.282422   1.564117  0.000559
5300  -95.650000  2.766667  1.033333  7.282422   1.564117  0.000559
5301  -95.450000  2.900000  1.000000  7.282422   1.564117  0.000559
5302  -95.133333  3.066667  1.000000  7.282422   1.564117  0.000559
5303  -94.816667  3.416667  1.000000  7.282422   1.564117  0.000559
5304  -94.750000  3.516667  1.000000  7.282422   1.564117  0.000559
5305  -95.133333  3.150000  1.066667  7.282422   1.564117  0.000559
5306  -94.833333  3.383333  1.000000  7.282422   1.564117  0.000559
5307  -95.016667  3.233333  1.000000  7.282422   1.564117  0.000559
5308  -95.283333  3.033333  1.000000  7.282422   1.564117  0.000559
5309  -95.366667  2.966667  1.000000  7.282422   1.564117  0.000559
5310  -95.783333  2.633333  1.000000  7.282422   1.564117  0.000559
5311  -95.400000  2.833333  1.000000  7.282422   1.564117  0.000559
5312  -95.350000  2.933333  1.050000  7.282422   1.564117  0.000559
5313  -95.250000  2.983333  1.000000  7.282422   1.564117  0.000559
5314  -95.233333  2.983333  1.033333  7.282422   1.564117  0.000559
5315  -95.183333  3.100000  1.050000  7.282422   1.564117  0.000559
5316  -94.733333  3.516667  1.000000  7.282422   1.564117  0.000559
5317  -94.700000  3.600000  1.000000  7.282422   1.564117  0.000559
5318  -95.450000  2.850000  1.000000  7.282422   1.564117  0.000559
5319  -97.183333  1.850000  1.000000  7.282422   1.564117  0.000559
5320  -99.866667  0.083333  1.000000  7.282422   1.564117  0.000559
5321  -97.016667  1.966667  1.000000  7.282422   1.564117  0.000559
5322  -95.400000  2.866667  1.000000  7.282422   1.564117  0.000559
5323  -95.000000  3.283333  1.000000  7.282422   1.564117  0.000559
5324  -95.216667  3.000000  1.000000  7.282422   1.564117  0.000559
5325  -95.550000  2.816667  1.000000  7.282422   1.564117  0.000559
5326  -95.600000  2.816667  1.050000  7.282422   1.564117  0.000559
5327  -95.583333  2.750000  1.083333  7.282422   1.564117  0.000559
5328  -95.700000  2.600000  1.000000  7.282422   1.564117  0.000559
5329  -95.633333  2.733333  1.050000  7.282422   1.564117  0.000559
5330  -96.433333  2.150000  1.000000  7.282422   1.564117  0.000559
5331  -95.650000  2.750000  1.000000  7.282422   1.564117  0.000559
5332  -95.350000  2.900000  1.000000  7.282422   1.564117  0.000559
5333  -94.933333  3.333333  1.033333  7.282422   1.564117  0.000559
5334  -94.883333  3.400000  1.000000  7.282422   1.564117  0.000559
5335  -95.416667  2.850000  1.000000  7.282422   1.564117  0.000559
5336  -94.833333  3.400000  1.000000  7.282422   1.564117  0.000559
5337  -95.166667  3.200000  1.066667  7.282422   1.564117  0.000559
5338  -95.366667  2.850000  1.000000  7.282422   1.564117  0.000559
5339  -95.683333  2.566667  1.016667  7.282422   1.564117  0.000559
5340  -96.200000  2.166667  1.000000  7.282422   1.564117  0.000559
5341  -95.683333  2.583333  1.000000  7.282422   1.564117  0.000559
5342  -95.500000  2.850000  1.033333  7.282422   1.564117  0.000559
5343  -95.066667  3.150000  1.033333  7.282422   1.564117  0.000559
5344  -95.016667  3.233333  1.000000  7.282422   1.564117  0.000559
5345  -95.133333  3.050000  1.033333  7.282422   1.564117  0.000559
5346  -95.150000  3.033333  1.016667  7.282422   1.564117  0.000559
5347  -95.166667  3.083333  1.000000  7.282422   1.564117  0.000559
5348  -95.400000  2.950000  1.033333  7.282422   1.564117  0.000559
5349  -95.666667  2.666667  1.000000  7.282422   1.564117  0.000559
5350  -96.266667  2.233333  1.000000  7.282422   1.564117  0.000559
5351  -95.733333  2.716667  1.000000  7.282422   1.564117  0.000559
5352  -95.450000  2.883333  1.050000  7.282422   1.564117  0.000559
5353  -95.083333  3.216667  1.000000  7.282422   1.564117  0.000559
5354  -95.050000  3.216667  1.000000  7.282422   1.564117  0.000559
5355  -95.166667  3.050000  1.033333  7.282422   1.564117  0.000559
5356  -95.133333  3.133333  1.033333  7.282422   1.564117  0.000559
5357  -95.150000  3.133333  1.033333  7.282422   1.564117  0.000559
5358  -95.366667  2.866667  1.033333  7.282422   1.564117  0.000559
5359  -95.866667  2.400000  1.000000  7.282422   1.564117  0.000559
5360  -96.366667  2.283333  1.000000  7.282422   1.564117  0.000559
5361  -95.516667  2.783333  1.033333  7.282422   1.564117  0.000559
5362  -95.283333  3.033333  1.000000  7.282422   1.564117  0.000559
5363  -95.000000  3.216667  1.000000  7.282422   1.564117  0.000559
5364  -95.033333  3.216667  1.033333  7.282422   1.564117  0.000559
5365  -95.116667  3.133333  1.033333  7.282422   1.564117  0.000559
5366  -95.150000  3.133333  1.000000  7.282422   1.564117  0.000559
5367  -95.166667  3.066667  1.016667  7.282422   1.564117  0.000559
5368  -95.400000  2.950000  1.000000  7.282422   1.564117  0.000559
5369  -95.566667  2.866667  1.000000  7.282422   1.564117  0.000559
5370  -96.250000  2.450000  1.000000  7.282422   1.564117  0.000559
5371  -95.633333  2.716667  1.050000  7.282422   1.564117  0.000559
5372  -95.100000  3.233333  1.000000  7.282422   1.564117  0.000559
5373  -94.866667  3.350000  1.050000  7.282422   1.564117  0.000559
5374  -93.533333  4.000000  1.000000  7.282422   1.564117  0.000559
5375  -93.350000  4.000000  1.000000  7.282422   1.564117  0.000559
5376  -94.833333  3.400000  1.000000  7.282422   1.564117  0.000559
5377  -94.983333  3.283333  1.083333  7.282422   1.564117  0.000559
5378  -95.383333  2.833333  1.000000  7.282422   1.564117  0.000559
5379  -95.716667  2.600000  1.016667  7.282422   1.564117  0.000559
5380  -96.150000  2.400000  1.066667  7.282422   1.564117  0.000559
5381  -95.416667  2.916667  1.016667  7.282422   1.564117  0.000559
5382  -95.283333  3.000000  1.000000  7.282422   1.564117  0.000559
5383  -95.183333  3.000000  1.000000  7.282422   1.564117  0.000559
5384  -95.133333  3.133333  1.016667  7.282422   1.564117  0.000559
5385  -94.966667  3.233333  1.033333  7.282422   1.564117  0.000559
5386  -94.916667  3.250000  1.050000  7.282422   1.564117  0.000559
5387  -95.016667  3.300000  1.050000  7.282422   1.564117  0.000559
5388  -95.466667  2.916667  1.066667  7.282422   1.564117  0.000559
5389  -95.750000  2.483333  1.000000  7.282422   1.564117  0.000559
5390  -96.250000  2.300000  1.050000  7.282422   1.564117  0.000559
5391  -95.833333  2.333333  1.000000  7.282422   1.564117  0.000559
5392  -95.483333  2.916667  1.000000  7.282422   1.564117  0.000559
5393  -95.216667  2.900000  1.000000  7.282422   1.564117  0.000559
5394  -95.100000  3.216667  1.000000  7.282422   1.564117  0.000559
5395  -95.533333  2.700000  1.000000  7.282422   1.564117  0.000559
5396  -95.283333  2.883333  1.066667  7.282422   1.564117  0.000559
5397  -95.183333  3.100000  1.033333  7.282422   1.564117  0.000559
5398  -95.733333  2.433333  1.000000  7.282422   1.564117  0.000559
5399  -95.866667  2.383333  1.000000  7.282422   1.564117  0.000559
5400  -96.300000  2.116667  1.000000  7.282422   1.564117  0.000559
5401  -95.866667  2.383333  1.000000  7.282422   1.564117  0.000559
5402  -95.550000  2.716667  1.000000  7.282422   1.564117  0.000559
5403  -95.350000  2.916667  1.050000  7.282422   1.564117  0.000559
5404  -95.333333  2.950000  1.033333  7.282422   1.564117  0.000559
5405  -95.400000  2.833333  1.000000  7.282422   1.564117  0.000559
5406  -95.366667  3.000000  1.000000  7.282422   1.564117  0.000559
5407  -95.416667  2.883333  1.000000  7.282422   1.564117  0.000559
5408  -95.750000  2.450000  1.050000  7.282422   1.564117  0.000559
5409  -95.966667  2.383333  1.000000  7.282422   1.564117  0.000559
5410  -96.233333  2.216667  1.000000  7.282422   1.564117  0.000559
5411  -95.850000  2.483333  1.000000  7.282422   1.564117  0.000559
5412  -95.333333  2.916667  1.033333  7.282422   1.564117  0.000559
5413  -95.366667  2.850000  1.000000  7.282422   1.564117  0.000559
5414  -95.450000  2.833333  1.050000  7.282422   1.564117  0.000559
5415  -95.683333  2.683333  1.016667  7.282422   1.564117  0.000559
5416  -95.383333  2.800000  1.000000  7.282422   1.564117  0.000559
5417  -95.433333  2.800000  1.000000  7.282422   1.564117  0.000559
5418  -95.800000  2.350000  1.000000  7.282422   1.564117  0.000559
5419  -96.066667  2.333333  1.000000  7.282422   1.564117  0.000559
5420  -96.283333  2.316667  1.016667  7.282422   1.564117  0.000559
5421  -96.016667  2.250000  1.000000  7.282422   1.564117  0.000559
5422  -95.733333  2.566667  1.000000  7.282422   1.564117  0.000559
5423  -95.350000  2.900000  1.000000  7.282422   1.564117  0.000559
5424  -95.183333  3.050000  1.033333  7.282422   1.564117  0.000559
5425  -95.233333  3.133333  1.066667  7.282422   1.564117  0.000559
5426  -95.383333  2.883333  1.033333  7.282422   1.564117  0.000559
5427  -95.400000  2.833333  1.000000  7.282422   1.564117  0.000559
5428  -95.650000  2.683333  1.033333  7.282422   1.564117  0.000559
5429  -95.933333  2.333333  1.050000  7.282422   1.564117  0.000559
5430  -96.400000  2.000000  1.000000  7.282422   1.564117  0.000559
5431  -96.066667  2.233333  1.000000  7.282422   1.564117  0.000559
5432  -95.800000  2.483333  1.033333  7.282422   1.564117  0.000559
5433  -95.516667  2.833333  1.000000  7.282422   1.564117  0.000559
5434  -95.416667  2.950000  1.000000  7.282422   1.564117  0.000559
5435  -95.650000  2.700000  1.000000  7.282422   1.564117  0.000559
5436  -95.483333  2.866667  1.000000  7.282422   1.564117  0.000559
5437  -95.333333  2.883333  1.000000  7.282422   1.564117  0.000559
5438  -95.850000  2.416667  1.000000  7.282422   1.564117  0.000559
5439  -96.066667  2.200000  1.000000  7.282422   1.564117  0.000559
5440  -96.666667  2.033333  1.033333  7.282422   1.564117  0.000559
5441  -96.100000  2.250000  1.000000  7.282422   1.564117  0.000559
5442  -95.866667  2.250000  1.050000  7.282422   1.564117  0.000559
5443  -95.633333  2.616667  1.000000  7.282422   1.564117  0.000559
5444  -95.500000  2.850000  1.016667  7.282422   1.564117  0.000559
5445  -95.633333  2.583333  1.000000  7.282422   1.564117  0.000559
5446  -95.616667  2.633333  1.000000  7.282422   1.564117  0.000559
5447  -95.566667  2.716667  1.033333  7.282422   1.564117  0.000559
5448  -96.033333  2.216667  1.000000  7.282422   1.564117  0.000559
5449  -96.316667  2.083333  1.000000  7.282422   1.564117  0.000559
5450  -96.916667  2.000000  1.000000  7.282422   1.564117  0.000559
5451  -96.250000  2.233333  1.000000  7.282422   1.564117  0.000559
5452  -95.833333  2.533333  1.000000  7.282422   1.564117  0.000559
5453  -95.800000  2.366667  1.000000  7.282422   1.564117  0.000559
5454  -95.516667  2.750000  1.000000  7.282422   1.564117  0.000559
5455  -95.833333  2.483333  1.000000  7.282422   1.564117  0.000559
5456  -95.483333  2.733333  1.033333  7.282422   1.564117  0.000559
5457  -95.816667  2.483333  1.000000  7.282422   1.564117  0.000559
5458  -95.966667  2.333333  1.000000  7.282422   1.564117  0.000559
5459  -96.350000  2.083333  1.000000  7.282422   1.564117  0.000559
5460  -96.783333  2.016667  1.050000  7.282422   1.564117  0.000559
5461  -96.100000  2.416667  1.000000  7.282422   1.564117  0.000559
5462  -95.883333  2.383333  1.000000  7.282422   1.564117  0.000559
5463  -95.700000  2.583333  1.000000  7.282422   1.564117  0.000559
5464  -95.766667  2.483333  1.000000  7.282422   1.564117  0.000559
5465  -95.800000  2.500000  1.000000  7.282422   1.564117  0.000559
5466  -95.733333  2.516667  1.000000  7.282422   1.564117  0.000559
5467  -95.766667  2.450000  1.000000  7.282422   1.564117  0.000559
5468  -96.150000  2.250000  1.033333  7.282422   1.564117  0.000559
5469  -96.300000  2.266667  1.000000  7.282422   1.564117  0.000559
5470  -96.750000  2.016667  1.066667  7.282422   1.564117  0.000559
5471  -96.116667  2.416667  1.000000  7.282422   1.564117  0.000559
5472  -95.700000  2.766667  1.000000  7.282422   1.564117  0.000559
5473  -95.533333  2.733333  1.033333  7.282422   1.564117  0.000559
5474  -94.300000  3.916667  1.000000  7.282422   1.564117  0.000559
5475  -94.183333  3.916667  1.000000  7.282422   1.564117  0.000559
5476  -95.700000  2.633333  1.000000  7.282422   1.564117  0.000559
5477  -95.666667  2.533333  1.000000  7.282422   1.564117  0.000559
5478  -96.200000  2.233333  1.000000  7.282422   1.564117  0.000559
5479  -96.400000  2.083333  1.000000  7.282422   1.564117  0.000559
5480  -97.100000  1.966667  1.000000  7.282422   1.564117  0.000559
5481  -96.350000  2.150000  1.033333  7.282422   1.564117  0.000559
5482  -96.250000  2.083333  1.000000  7.282422   1.564117  0.000559
5483  -95.866667  2.400000  1.000000  7.282422   1.564117  0.000559
5484  -95.900000  2.366667  1.000000  7.282422   1.564117  0.000559
5485  -96.000000  2.383333  1.000000  7.282422   1.564117  0.000559
5486  -95.783333  2.566667  1.000000  7.282422   1.564117  0.000559
5487  -95.850000  2.433333  1.000000  7.282422   1.564117  0.000559
5488  -96.416667  2.083333  1.000000  7.282422   1.564117  0.000559
5489  -96.766667  2.000000  1.000000  7.282422   1.564117  0.000559
5490  -97.150000  1.900000  1.033333  7.282422   1.564117  0.000559
5491  -96.716667  2.000000  1.000000  7.282422   1.564117  0.000559
5492  -96.150000  2.250000  1.000000  7.282422   1.564117  0.000559
5493  -96.033333  2.083333  1.000000  7.282422   1.564117  0.000559
5494  -96.033333  2.150000  1.000000  7.282422   1.564117  0.000559
5495  -96.283333  2.000000  1.000000  7.282422   1.564117  0.000559
5496  -96.166667  2.000000  1.000000  7.282422   1.564117  0.000559
5497  -96.183333  2.200000  1.000000  7.282422   1.564117  0.000559
5498  -96.483333  2.000000  1.000000  7.282422   1.564117  0.000559
5499  -96.550000  2.000000  1.000000  7.282422   1.564117  0.000559
5500  -97.400000  1.900000  1.000000  7.282422   1.564117  0.000559
5501  -96.633333  2.000000  1.000000  7.282422   1.564117  0.000559
5502  -96.066667  2.000000  1.000000  7.282422   1.564117  0.000559
5503  -95.950000  2.150000  1.000000  7.282422   1.564117  0.000559
5504  -95.866667  2.366667  1.016667  7.282422   1.564117  0.000559
5505  -96.200000  2.000000  1.000000  7.282422   1.564117  0.000559
5506  -96.066667  2.033333  1.000000  7.282422   1.564117  0.000559
5507  -96.133333  2.033333  1.000000  7.282422   1.564117  0.000559
5508  -96.316667  2.000000  1.000000  7.282422   1.564117  0.000559
5509  -96.450000  2.083333  1.000000  7.282422   1.564117  0.000559
5510  -97.333333  1.783333  1.000000  7.282422   1.564117  0.000559
5511  -96.450000  2.000000  1.000000  7.282422   1.564117  0.000559
5512  -96.366667  2.083333  1.000000  7.282422   1.564117  0.000559
5513  -96.450000  2.166667  1.000000  7.282422   1.564117  0.000559
5514  -96.300000  2.083333  1.000000  7.282422   1.564117  0.000559
5515  -96.100000  2.166667  1.000000  7.282422   1.564117  0.000559
5516  -96.250000  2.083333  1.000000  7.282422   1.564117  0.000559
5517  -96.200000  2.000000  1.000000  7.282422   1.564117  0.000559
5518  -96.800000  2.000000  1.000000  7.282422   1.564117  0.000559
5519  -98.150000  1.216667  1.116667  7.282422   1.564117  0.000559
5520 -102.300000  0.000000  1.000000  7.282422   1.564117  0.000559
5521  -98.716667  0.850000  1.116667  7.282422   1.564117  0.000559
5522  -97.016667  1.933333  1.016667  7.282422   1.564117  0.000559
5523  -96.600000  2.083333  1.000000  7.282422   1.564117  0.000559
5524  -94.183333  3.966667  1.000000  7.282422   1.564117  0.000559
5525  -94.550000  3.666667  1.000000  7.282422   1.564117  0.000559
5526  -96.916667  2.066667  1.016667  7.282422   1.564117  0.000559
5527  -97.183333  1.950000  1.000000  7.282422   1.564117  0.000559
5528  -97.350000  1.833333  1.033333  7.282422   1.564117  0.000559
5529  -97.500000  1.750000  1.083333  7.282422   1.564117  0.000559
5530  -98.083333  1.300000  1.100000  7.282422   1.564117  0.000559
5531  -97.450000  1.733333  1.033333  7.282422   1.564117  0.000559
5532  -96.816667  2.083333  1.050000  7.282422   1.564117  0.000559
5533  -96.883333  2.000000  1.000000  7.282422   1.564117  0.000559
5534  -96.800000  2.000000  1.000000  7.282422   1.564117  0.000559
5535  -97.050000  1.933333  1.000000  7.282422   1.564117  0.000559
5536  -96.650000  2.000000  1.000000  7.282422   1.564117  0.000559
5537  -96.716667  2.000000  1.000000  7.282422   1.564117  0.000559
5538  -96.933333  2.000000  1.000000  7.282422   1.564117  0.000559
5539  -97.300000  1.883333  1.000000  7.282422   1.564117  0.000559
5540  -97.483333  1.750000  1.000000  7.282422   1.564117  0.000559
5541  -97.150000  1.933333  1.000000  7.282422   1.564117  0.000559
5542  -96.783333  2.000000  1.000000  7.282422   1.564117  0.000559
5543  -96.766667  2.000000  1.000000  7.282422   1.564117  0.000559
5544  -96.600000  2.000000  1.000000  7.282422   1.564117  0.000559
5545  -96.666667  2.000000  1.000000  7.282422   1.564117  0.000559
5546  -96.833333  2.000000  1.000000  7.282422   1.564117  0.000559
5547  -96.716667  2.000000  1.000000  7.282422   1.564117  0.000559
5548  -97.150000  2.000000  1.000000  7.282422   1.564117  0.000559
5549  -97.433333  1.833333  1.000000  7.282422   1.564117  0.000559
5550  -97.616667  1.700000  1.033333  7.282422   1.564117  0.000559
5551  -97.233333  1.900000  1.000000  7.282422   1.564117  0.000559
5552  -96.950000  2.000000  1.000000  7.282422   1.564117  0.000559
5553  -96.883333  2.000000  1.000000  7.282422   1.564117  0.000559
5554  -97.066667  2.000000  1.000000  7.282422   1.564117  0.000559
5555  -97.150000  1.966667  1.000000  7.282422   1.564117  0.000559
5556  -96.600000  2.000000  1.000000  7.282422   1.564117  0.000559
5557  -96.700000  2.000000  1.000000  7.282422   1.564117  0.000559
5558  -97.133333  1.983333  1.000000  7.282422   1.564117  0.000559
5559  -97.450000  1.750000  1.000000  7.282422   1.564117  0.000559
5560  -97.833333  1.433333  1.150000  7.282422   1.564117  0.000559
5561  -97.300000  1.933333  1.000000  7.282422   1.564117  0.000559
5562  -97.000000  2.000000  1.000000  7.282422   1.564117  0.000559
5563  -96.966667  1.966667  1.000000  7.282422   1.564117  0.000559
5564  -96.916667  1.966667  1.000000  7.282422   1.564117  0.000559
5565  -97.166667  2.000000  1.000000  7.282422   1.564117  0.000559
5566  -97.033333  1.983333  1.000000  7.282422   1.564117  0.000559
5567  -96.933333  2.000000  1.000000  7.282422   1.564117  0.000559
5568  -97.233333  1.933333  1.000000  7.282422   1.564117  0.000559
5569  -97.433333  1.900000  1.000000  7.282422   1.564117  0.000559
5570  -97.950000  1.466667  1.100000  7.282422   1.564117  0.000559
5571  -97.566667  1.716667  1.050000  7.282422   1.564117  0.000559
5572  -97.150000  1.983333  1.000000  7.282422   1.564117  0.000559
5573  -96.883333  2.083333  1.000000  7.282422   1.564117  0.000559
5574  -96.866667  2.000000  1.000000  7.282422   1.564117  0.000559
5575  -96.783333  2.000000  1.000000  7.282422   1.564117  0.000559
5576  -97.016667  2.000000  1.000000  7.282422   1.564117  0.000559
5577  -96.850000  2.000000  1.000000  7.282422   1.564117  0.000559
5578  -97.166667  2.050000  1.000000  7.282422   1.564117  0.000559
5579  -97.766667  1.516667  1.000000  7.282422   1.564117  0.000559
5580  -98.116667  1.333333  1.083333  7.282422   1.564117  0.000559
5581  -97.616667  1.700000  1.000000  7.282422   1.564117  0.000559
5582  -97.166667  1.966667  1.000000  7.282422   1.564117  0.000559
5583  -97.116667  1.966667  1.000000  7.282422   1.564117  0.000559
5584  -97.133333  1.933333  1.000000  7.282422   1.564117  0.000559
5585  -97.300000  1.966667  1.000000  7.282422   1.564117  0.000559
5586  -97.216667  1.950000  1.000000  7.282422   1.564117  0.000559
5587  -96.900000  2.000000  1.000000  7.282422   1.564117  0.000559
5588  -97.316667  1.866667  1.033333  7.282422   1.564117  0.000559
5589  -97.850000  1.466667  1.033333  7.282422   1.564117  0.000559
5590  -98.016667  1.350000  1.050000  7.282422   1.564117  0.000559
5591  -97.700000  1.566667  1.000000  7.282422   1.564117  0.000559
5592  -97.550000  1.683333  1.000000  7.282422   1.564117  0.000559
5593  -97.150000  1.950000  1.000000  7.282422   1.564117  0.000559
5594  -97.133333  1.983333  1.000000  7.282422   1.564117  0.000559
5595  -97.466667  1.733333  1.000000  7.282422   1.564117  0.000559
5596  -97.166667  1.966667  1.000000  7.282422   1.564117  0.000559
5597  -97.300000  1.883333  1.000000  7.282422   1.564117  0.000559
5598  -97.633333  1.666667  1.000000  7.282422   1.564117  0.000559
5599  -97.616667  1.600000  1.033333  7.282422   1.564117  0.000559
5600  -98.316667  0.933333  1.133333  7.282422   1.564117  0.000559
5601  -97.716667  1.616667  1.000000  7.282422   1.564117  0.000559
5602  -97.516667  1.716667  1.000000  7.282422   1.564117  0.000559
5603  -97.183333  1.933333  1.000000  7.282422   1.564117  0.000559
5604  -97.400000  1.833333  1.000000  7.282422   1.564117  0.000559
5605  -97.266667  1.916667  1.000000  7.282422   1.564117  0.000559
5606  -97.200000  1.950000  1.000000  7.282422   1.564117  0.000559
5607  -97.233333  2.000000  1.000000  7.282422   1.564117  0.000559
5608  -97.516667  1.783333  1.016667  7.282422   1.564117  0.000559
5609  -97.750000  1.566667  1.033333  7.282422   1.564117  0.000559
5610  -98.283333  1.083333  1.083333  7.282422   1.564117  0.000559
5611  -97.816667  1.450000  1.050000  7.282422   1.564117  0.000559
5612  -97.683333  1.583333  1.033333  7.282422   1.564117  0.000559
5613  -97.316667  1.883333  1.000000  7.282422   1.564117  0.000559
5614  -97.283333  1.816667  1.050000  7.282422   1.564117  0.000559
5615  -97.666667  1.633333  1.000000  7.282422   1.564117  0.000559
5616  -97.250000  2.000000  1.000000  7.282422   1.564117  0.000559
5617  -97.233333  1.933333  1.000000  7.282422   1.564117  0.000559
5618  -97.733333  1.600000  1.016667  7.282422   1.564117  0.000559
5619  -98.316667  0.983333  1.100000  7.282422   1.564117  0.000559
5620  -98.700000  0.700000  1.016667  7.282422   1.564117  0.000559
5621  -98.216667  1.183333  1.000000  7.282422   1.564117  0.000559
5622  -97.633333  1.600000  1.000000  7.282422   1.564117  0.000559
5623  -97.316667  1.766667  1.000000  7.282422   1.564117  0.000559
5624  -95.933333  2.383333  1.000000  7.282422   1.564117  0.000559
5625  -95.816667  2.416667  1.000000  7.282422   1.564117  0.000559
5626  -97.250000  1.916667  1.000000  7.282422   1.564117  0.000559
5627  -97.483333  1.650000  1.000000  7.282422   1.564117  0.000559
5628  -97.933333  1.366667  1.083333  7.282422   1.564117  0.000559
5629  -98.116667  1.100000  1.100000  7.282422   1.564117  0.000559
5630  -98.433333  0.966667  1.050000  7.282422   1.564117  0.000559
5631  -98.000000  1.366667  1.116667  7.282422   1.564117  0.000559
5632  -97.466667  1.733333  1.000000  7.282422   1.564117  0.000559
5633  -97.450000  1.850000  1.000000  7.282422   1.564117  0.000559
5634  -97.450000  1.833333  1.033333  7.282422   1.564117  0.000559
5635  -97.716667  1.550000  1.000000  7.282422   1.564117  0.000559
5636  -97.450000  1.750000  1.000000  7.282422   1.564117  0.000559
5637  -97.583333  1.633333  1.000000  7.282422   1.564117  0.000559
5638  -97.750000  1.400000  1.000000  7.282422   1.564117  0.000559
5639  -97.966667  1.150000  1.033333  7.282422   1.564117  0.000559
5640  -98.500000  0.916667  1.033333  7.282422   1.564117  0.000559
5641  -97.900000  1.400000  1.050000  7.282422   1.564117  0.000559
5642  -97.733333  1.433333  1.000000  7.282422   1.564117  0.000559
5643  -97.400000  1.816667  1.000000  7.282422   1.564117  0.000559
5644  -97.566667  1.716667  1.000000  7.282422   1.564117  0.000559
5645  -97.833333  1.383333  1.000000  7.282422   1.564117  0.000559
5646  -97.516667  1.750000  1.000000  7.282422   1.564117  0.000559
5647  -97.433333  1.800000  1.050000  7.282422   1.564117  0.000559
5648  -97.966667  1.216667  1.033333  7.282422   1.564117  0.000559
5649  -98.166667  1.083333  1.033333  7.282422   1.564117  0.000559
5650  -98.650000  0.733333  1.000000  7.282422   1.564117  0.000559
5651  -98.250000  1.000000  1.016667  7.282422   1.564117  0.000559
5652  -97.700000  1.600000  1.000000  7.282422   1.564117  0.000559
5653  -97.700000  1.583333  1.033333  7.282422   1.564117  0.000559
5654  -97.533333  1.800000  1.000000  7.282422   1.564117  0.000559
5655  -97.750000  1.616667  1.000000  7.282422   1.564117  0.000559
5656  -97.700000  1.550000  1.000000  7.282422   1.564117  0.000559
5657  -97.466667  1.766667  1.000000  7.282422   1.564117  0.000559
5658  -97.433333  1.800000  1.000000  7.282422   1.564117  0.000559
5659  -97.616667  1.700000  1.000000  7.282422   1.564117  0.000559
5660  -97.916667  1.450000  1.066667  7.282422   1.564117  0.000559
5661  -97.350000  1.883333  1.000000  7.282422   1.564117  0.000559
5662  -97.700000  1.566667  1.000000  7.282422   1.564117  0.000559
5663  -97.316667  1.766667  1.000000  7.282422   1.564117  0.000559
5664  -97.683333  1.600000  1.000000  7.282422   1.564117  0.000559
5665  -97.900000  1.466667  1.116667  7.282422   1.564117  0.000559
5666  -97.550000  1.716667  1.033333  7.282422   1.564117  0.000559
5667  -97.683333  1.600000  1.033333  7.282422   1.564117  0.000559
5668  -98.216667  1.133333  1.116667  7.282422   1.564117  0.000559
5669  -98.550000  0.766667  1.000000  7.282422   1.564117  0.000559
5670  -99.233333  0.500000  1.000000  7.282422   1.564117  0.000559
5671  -98.416667  0.966667  1.083333  7.282422   1.564117  0.000559
5672  -98.116667  1.200000  1.066667  7.282422   1.564117  0.000559
5673  -97.766667  1.533333  1.033333  7.282422   1.564117  0.000559
5674  -95.316667  2.983333  1.050000  7.282422   1.564117  0.000559
5675  -95.100000  2.983333  1.000000  7.282422   1.564117  0.000559
5676  -97.200000  1.916667  1.000000  7.282422   1.564117  0.000559
5677  -97.666667  1.700000  1.016667  7.282422   1.564117  0.000559
5678  -98.350000  1.000000  1.066667  7.282422   1.564117  0.000559
5679  -98.733333  0.583333  1.033333  7.282422   1.564117  0.000559
5680  -99.300000  0.416667  1.116667  7.282422   1.564117  0.000559
5681  -98.816667  0.616667  1.000000  7.282422   1.564117  0.000559
5682  -98.233333  1.033333  1.033333  7.282422   1.564117  0.000559
5683  -98.016667  1.266667  1.033333  7.282422   1.564117  0.000559
5684  -98.266667  1.033333  1.000000  7.282422   1.564117  0.000559
5685  -98.283333  0.966667  1.100000  7.282422   1.564117  0.000559
5686  -98.283333  1.016667  1.033333  7.282422   1.564117  0.000559
5687  -97.933333  1.283333  1.033333  7.282422   1.564117  0.000559
5688  -98.150000  1.266667  1.066667  7.282422   1.564117  0.000559
5689  -98.733333  0.666667  1.016667  7.282422   1.564117  0.000559
5690  -99.383333  0.333333  1.050000  7.282422   1.564117  0.000559
5691  -98.800000  0.333333  1.000000  7.282422   1.564117  0.000559
5692  -98.366667  0.983333  1.000000  7.282422   1.564117  0.000559
5693  -98.200000  0.983333  1.000000  7.282422   1.564117  0.000559
5694  -98.033333  1.150000  1.000000  7.282422   1.564117  0.000559
5695  -98.250000  1.050000  1.000000  7.282422   1.564117  0.000559
5696  -98.083333  1.150000  1.000000  7.282422   1.564117  0.000559
5697  -98.083333  1.066667  1.000000  7.282422   1.564117  0.000559
5698  -98.283333  1.100000  1.033333  7.282422   1.564117  0.000559
5699  -98.750000  0.583333  1.050000  7.282422   1.564117  0.000559
5700  -99.250000  0.316667  1.000000  7.282422   1.564117  0.000559
5701  -98.866667  0.483333  1.000000  7.282422   1.564117  0.000559
5702  -98.283333  1.016667  1.033333  7.282422   1.564117  0.000559
5703  -97.966667  1.383333  1.016667  7.282422   1.564117  0.000559
5704  -98.100000  1.166667  1.000000  7.282422   1.564117  0.000559
5705  -98.183333  1.150000  1.033333  7.282422   1.564117  0.000559
5706  -98.000000  1.150000  1.000000  7.282422   1.564117  0.000559
5707  -98.100000  1.066667  1.050000  7.282422   1.564117  0.000559
5708  -98.450000  0.883333  1.050000  7.282422   1.564117  0.000559
5709  -98.433333  0.800000  1.000000  7.282422   1.564117  0.000559
5710  -99.050000  0.433333  1.000000  7.282422   1.564117  0.000559
5711  -98.433333  0.933333  1.000000  7.282422   1.564117  0.000559
5712  -98.566667  0.766667  1.000000  7.282422   1.564117  0.000559
5713  -98.666667  0.716667  1.000000  7.282422   1.564117  0.000559
5714  -98.266667  0.966667  1.000000  7.282422   1.564117  0.000559
5715  -98.583333  0.733333  1.033333  7.282422   1.564117  0.000559
5716  -98.066667  1.133333  1.033333  7.282422   1.564117  0.000559
5717  -98.150000  1.033333  1.000000  7.282422   1.564117  0.000559
5718  -98.800000  0.550000  1.000000  7.282422   1.564117  0.000559
5719 -101.083333  0.000000  1.000000  7.282422   1.564117  0.000559
5720 -104.200000  0.000000  1.000000  7.282422   1.564117  0.000559
5721 -100.983333  0.000000  1.000000  7.282422   1.564117  0.000559
5722  -99.033333  0.433333  1.000000  7.282422   1.564117  0.000559
5723  -98.666667  0.633333  1.000000  7.282422   1.564117  0.000559
5724  -97.783333  1.450000  1.000000  7.282422   1.564117  0.000559
5725  -97.916667  1.266667  1.000000  7.282422   1.564117  0.000559
5726  -98.966667  0.416667  1.000000  7.282422   1.564117  0.000559
5727  -99.016667  0.350000  1.000000  7.282422   1.564117  0.000559
5728  -99.383333  0.083333  1.000000  7.282422   1.564117  0.000559
5729  -99.533333  0.233333  1.000000  7.282422   1.564117  0.000559
5730 -100.050000  0.166667  1.000000  7.282422   1.564117  0.000559
5731  -99.300000  0.166667  1.000000  7.282422   1.564117  0.000559
5732  -99.166667  0.233333  1.000000  7.282422   1.564117  0.000559
5733  -98.950000  0.283333  1.000000  7.282422   1.564117  0.000559
5734  -98.933333  0.233333  1.000000  7.282422   1.564117  0.000559
5735  -99.166667  0.183333  1.000000  7.282422   1.564117  0.000559
5736  -98.650000  0.766667  1.000000  7.282422   1.564117  0.000559
5737  -98.916667  0.400000  1.000000  7.282422   1.564117  0.000559
5738  -99.466667  0.083333  1.000000  7.282422   1.564117  0.000559
5739  -99.733333  0.000000  1.000000  7.282422   1.564117  0.000559
5740 -100.200000  0.083333  1.000000  7.282422   1.564117  0.000559
5741  -99.533333  0.000000  1.000000  7.282422   1.564117  0.000559
5742  -99.333333  0.183333  1.000000  7.282422   1.564117  0.000559
5743  -99.083333  0.300000  1.000000  7.282422   1.564117  0.000559
5744  -99.266667  0.266667  1.000000  7.282422   1.564117  0.000559
5745  -99.383333  0.083333  1.000000  7.282422   1.564117  0.000559
5746  -99.100000  0.083333  1.000000  7.282422   1.564117  0.000559
5747  -99.266667  0.150000  1.000000  7.282422   1.564117  0.000559
5748  -99.833333  0.000000  1.000000  7.282422   1.564117  0.000559
5749  -99.866667  0.000000  1.000000  7.282422   1.564117  0.000559
5750 -100.466667  0.000000  1.000000  7.282422   1.564117  0.000559
5751  -99.866667  0.000000  1.000000  7.282422   1.564117  0.000559
5752  -99.633333  0.000000  1.000000  7.282422   1.564117  0.000559
5753  -99.483333  0.000000  1.000000  7.282422   1.564117  0.000559
5754  -99.666667  0.000000  1.000000  7.282422   1.564117  0.000559
5755  -99.583333  0.000000  1.000000  7.282422   1.564117  0.000559
5756  -99.366667  0.000000  1.000000  7.282422   1.564117  0.000559
5757  -99.366667  0.083333  1.000000  7.282422   1.564117  0.000559
5758  -99.916667  0.000000  1.000000  7.282422   1.564117  0.000559
5759 -100.133333  0.083333  1.000000  7.282422   1.564117  0.000559
5760 -100.616667  0.000000  1.000000  7.282422   1.564117  0.000559
5761 -100.266667  0.000000  1.000000  7.282422   1.564117  0.000559
5762  -99.816667  0.083333  1.000000  7.282422   1.564117  0.000559
5763  -99.483333  0.083333  1.000000  7.282422   1.564117  0.000559
5764  -99.466667  0.083333  1.000000  7.282422   1.564117  0.000559
5765 -100.033333  0.000000  1.000000  7.282422   1.564117  0.000559
5766  -99.500000  0.083333  1.000000  7.282422   1.564117  0.000559
5767  -99.533333  0.000000  1.000000  7.282422   1.564117  0.000559
5768  -99.950000  0.000000  1.000000  7.282422   1.564117  0.000559
5769 -100.266667  0.000000  1.000000  7.282422   1.564117  0.000559
5770 -101.000000  0.000000  1.000000  7.282422   1.564117  0.000559
5771 -100.483333  0.000000  1.000000  7.282422   1.564117  0.000559
5772 -100.050000  0.000000  1.000000  7.282422   1.564117  0.000559
5773  -99.700000  0.000000  1.000000  7.282422   1.564117  0.000559
5774  -98.300000  1.000000  1.000000  7.282422   1.564117  0.000559
5775  -98.000000  1.150000  1.000000  7.282422   1.564117  0.000559
5776  -99.566667  0.000000  1.000000  7.282422   1.564117  0.000559
5777  -99.850000  0.000000  1.000000  7.282422   1.564117  0.000559
5778 -100.183333  0.000000  1.000000  7.282422   1.564117  0.000559
5779 -100.650000  0.000000  1.000000  7.282422   1.564117  0.000559
5780 -100.900000  0.000000  1.000000  7.282422   1.564117  0.000559
5781 -100.766667  0.000000  1.000000  7.282422   1.564117  0.000559
5782 -100.500000  0.000000  1.000000  7.282422   1.564117  0.000559
5783 -100.383333  0.000000  1.000000  7.282422   1.564117  0.000559
5784 -100.133333  0.000000  1.000000  7.282422   1.564117  0.000559
5785 -100.200000  0.000000  1.000000  7.282422   1.564117  0.000559
5786 -100.200000  0.000000  1.000000  7.282422   1.564117  0.000559
5787 -100.016667  0.000000  1.000000  7.282422   1.564117  0.000559
5788 -100.466667  0.000000  1.000000  7.282422   1.564117  0.000559
5789 -101.066667  0.000000  1.000000  7.282422   1.564117  0.000559
5790 -101.600000  0.000000  1.000000  7.282422   1.564117  0.000559
5791 -100.966667  0.000000  1.000000  7.282422   1.564117  0.000559
5792 -100.733333  0.000000  1.000000  7.282422   1.564117  0.000559
5793 -100.666667  0.000000  1.000000  7.282422   1.564117  0.000559
5794 -100.733333  0.000000  1.000000  7.282422   1.564117  0.000559
5795 -100.733333  0.000000  1.000000  7.282422   1.564117  0.000559
5796 -100.650000  0.000000  1.000000  7.282422   1.564117  0.000559
5797 -100.716667  0.000000  1.000000  7.282422   1.564117  0.000559
5798 -100.966667  0.000000  1.000000  7.282422   1.564117  0.000559
5799 -101.366667  0.000000  1.000000  7.282422   1.564117  0.000559
5800 -102.016667  0.000000  1.000000  7.282422   1.564117  0.000559
5801 -101.600000  0.000000  1.000000  7.282422   1.564117  0.000559
5802 -101.033333  0.000000  1.000000  7.282422   1.564117  0.000559
5803 -100.766667  0.000000  1.000000  7.282422   1.564117  0.000559
5804 -100.733333  0.000000  1.000000  7.282422   1.564117  0.000559
5805 -100.950000  0.000000  1.000000  7.282422   1.564117  0.000559
5806 -100.916667  0.000000  1.000000  7.282422   1.564117  0.000559
5807 -100.833333  0.000000  1.000000  7.282422   1.564117  0.000559
5808 -101.300000  0.000000  1.000000  7.282422   1.564117  0.000559
5809 -101.683333  0.000000  1.000000  7.282422   1.564117  0.000559
5810 -101.966667  0.000000  1.000000  7.282422   1.564117  0.000559
5811 -101.733333  0.000000  1.000000  7.282422   1.564117  0.000559
5812 -101.333333  0.000000  1.000000  7.282422   1.564117  0.000559
5813 -101.033333  0.000000  1.000000  7.282422   1.564117  0.000559
5814 -100.900000  0.000000  1.000000  7.282422   1.564117  0.000559
5815 -100.883333  0.000000  1.000000  7.282422   1.564117  0.000559
5816 -100.733333  0.000000  1.000000  7.282422   1.564117  0.000559
5817 -100.750000  0.000000  1.000000  7.282422   1.564117  0.000559
5818 -101.266667  0.000000  1.000000  7.282422   1.564117  0.000559
5819 -101.700000  0.000000  1.000000  7.282422   1.564117  0.000559
5820 -102.366667  0.000000  1.000000  7.282422   1.564117  0.000559
5821 -101.550000  0.000000  1.000000  7.282422   1.564117  0.000559
5822 -101.333333  0.000000  1.000000  7.282422   1.564117  0.000559
5823 -101.100000  0.000000  1.000000  7.282422   1.564117  0.000559
5824 -100.233333  0.000000  1.000000  7.282422   1.564117  0.000559
5825  -99.833333  0.000000  1.000000  7.282422   1.564117  0.000559
5826 -100.733333  0.000000  1.000000  7.282422   1.564117  0.000559
5827 -101.083333  0.000000  1.000000  7.282422   1.564117  0.000559
5828 -101.600000  0.000000  1.000000  7.282422   1.564117  0.000559
5829 -102.066667  0.000000  1.000000  7.282422   1.564117  0.000559
5830 -102.550000  0.000000  1.000000  7.282422   1.564117  0.000559
5831 -102.316667  0.000000  1.000000  7.282422   1.564117  0.000559
5832 -101.600000  0.000000  1.000000  7.282422   1.564117  0.000559
5833 -101.400000  0.000000  1.000000  7.282422   1.564117  0.000559
5834 -101.650000  0.000000  1.000000  7.282422   1.564117  0.000559
5835 -101.733333  0.000000  1.000000  7.282422   1.564117  0.000559
5836 -101.333333  0.000000  1.000000  7.282422   1.564117  0.000559
5837 -101.633333  0.000000  1.000000  7.282422   1.564117  0.000559
5838 -102.000000  0.000000  1.000000  7.282422   1.564117  0.000559
5839 -102.233333  0.000000  1.000000  7.282422   1.564117  0.000559
5840 -102.766667  0.000000  1.000000  7.282422   1.564117  0.000559
5841 -102.166667  0.000000  1.000000  7.282422   1.564117  0.000559
5842 -102.200000  0.000000  1.000000  7.282422   1.564117  0.000559
5843 -101.683333  0.000000  1.000000  7.282422   1.564117  0.000559
5844 -101.683333  0.000000  1.000000  7.282422   1.564117  0.000559
5845 -102.183333  0.000000  1.000000  7.282422   1.564117  0.000559
5846 -101.900000  0.000000  1.000000  7.282422   1.564117  0.000559
5847 -101.783333  0.000000  1.000000  7.282422   1.564117  0.000559
5848 -102.283333  0.000000  1.000000  7.282422   1.564117  0.000559
5849 -102.833333  0.000000  1.000000  7.282422   1.564117  0.000559
5850 -103.200000  0.000000  1.000000  7.282422   1.564117  0.000559
5851 -102.450000  0.000000  1.000000  7.282422   1.564117  0.000559
5852 -102.366667  0.000000  1.000000  7.282422   1.564117  0.000559
5853 -102.150000  0.000000  1.000000  7.282422   1.564117  0.000559
5854 -101.983333  0.000000  1.000000  7.282422   1.564117  0.000559
5855 -102.433333  0.000000  1.000000  7.282422   1.564117  0.000559
5856 -102.066667  0.000000  1.000000  7.282422   1.564117  0.000559
5857 -102.216667  0.000000  1.000000  7.282422   1.564117  0.000559
5858 -102.483333  0.000000  1.000000  7.282422   1.564117  0.000559
5859 -102.650000  0.000000  1.000000  7.282422   1.564117  0.000559
5860 -103.450000  0.000000  1.000000  7.282422   1.564117  0.000559
5861 -102.950000  0.000000  1.000000  7.282422   1.564117  0.000559
5862 -102.300000  0.000000  1.000000  7.282422   1.564117  0.000559
5863 -102.016667  0.000000  1.000000  7.282422   1.564117  0.000559
5864 -101.883333  0.000000  1.000000  7.282422   1.564117  0.000559
5865 -102.183333  0.000000  1.000000  7.282422   1.564117  0.000559
5866 -102.216667  0.000000  1.000000  7.282422   1.564117  0.000559
5867 -102.166667  0.000000  1.000000  7.282422   1.564117  0.000559
5868 -102.450000  0.000000  1.000000  7.282422   1.564117  0.000559
5869 -102.633333  0.000000  1.000000  7.282422   1.564117  0.000559
5870 -103.033333  0.000000  1.000000  7.282422   1.564117  0.000559
5871 -102.700000  0.000000  1.000000  7.282422   1.564117  0.000559
5872 -102.266667  0.000000  1.000000  7.282422   1.564117  0.000559
5873 -101.950000  0.000000  1.000000  7.282422   1.564117  0.000559
5874 -100.600000  0.000000  1.000000  7.282422   1.564117  0.000559
5875 -100.283333  0.000000  1.000000  7.282422   1.564117  0.000559
5876 -101.650000  0.000000  1.000000  7.282422   1.564117  0.000559
5877 -101.983333  0.000000  1.000000  7.282422   1.564117  0.000559
5878 -102.633333  0.000000  1.000000  7.282422   1.564117  0.000559
5879 -102.700000  0.000000  1.000000  7.282422   1.564117  0.000559
5880 -103.016667  0.000000  1.000000  7.282422   1.564117  0.000559
5881 -103.133333  0.000000  1.000000  7.282422   1.564117  0.000559
5882 -102.450000  0.000000  1.000000  7.282422   1.564117  0.000559
5883 -102.383333  0.000000  1.000000  7.282422   1.564117  0.000559
5884 -102.250000  0.000000  1.000000  7.282422   1.564117  0.000559
5885 -102.416667  0.000000  1.000000  7.282422   1.564117  0.000559
5886 -101.983333  0.000000  1.000000  7.282422   1.564117  0.000559
5887 -102.316667  0.000000  1.000000  7.282422   1.564117  0.000559
5888 -102.933333  0.000000  1.000000  7.282422   1.564117  0.000559
5889 -102.933333  0.000000  1.000000  7.282422   1.564117  0.000559
5890 -103.616667  0.000000  1.000000  7.282422   1.564117  0.000559
5891 -103.083333  0.000000  1.000000  7.282422   1.564117  0.000559
5892 -102.750000  0.000000  1.000000  7.282422   1.564117  0.000559
5893 -102.383333  0.000000  1.000000  7.282422   1.564117  0.000559
5894 -102.466667  0.000000  1.000000  7.282422   1.564117  0.000559
5895 -102.833333  0.000000  1.000000  7.282422   1.564117  0.000559
5896 -102.450000  0.000000  1.000000  7.282422   1.564117  0.000559
5897 -102.333333  0.000000  1.000000  7.282422   1.564117  0.000559
5898 -103.050000  0.000000  1.000000  7.282422   1.564117  0.000559
5899 -103.116667  0.000000  1.000000  7.282422   1.564117  0.000559
5900 -103.566667  0.000000  1.000000  7.282422   1.564117  0.000559
5901 -102.950000  0.000000  1.000000  7.282422   1.564117  0.000559
5902 -102.566667  0.000000  1.000000  7.282422   1.564117  0.000559
5903 -102.366667  0.000000  1.000000  7.282422   1.564117  0.000559
5904 -102.283333  0.000000  1.000000  7.282422   1.564117  0.000559
5905 -102.566667  0.000000  1.000000  7.282422   1.564117  0.000559
5906 -102.500000  0.000000  1.000000  7.282422   1.564117  0.000559
5907 -102.500000  0.000000  1.000000  7.282422   1.564117  0.000559
5908 -102.816667  0.000000  1.000000  7.282422   1.564117  0.000559
5909 -102.683333  0.000000  1.000000  7.282422   1.564117  0.000559
5910 -103.266667  0.000000  1.000000  7.282422   1.564117  0.000559
5911 -102.900000  0.000000  1.000000  7.282422   1.564117  0.000559
5912 -102.916667  0.000000  1.000000  7.282422   1.564117  0.000559
5913 -102.966667  0.000000  1.000000  7.282422   1.564117  0.000559
5914 -102.750000  0.000000  1.000000  7.282422   1.564117  0.000559
5915 -102.633333  0.000000  1.000000  7.282422   1.564117  0.000559
5916 -102.466667  0.000000  1.000000  7.282422   1.564117  0.000559
5917 -102.433333  0.000000  1.000000  7.282422   1.564117  0.000559
5918 -103.316667  0.000000  1.000000  7.282422   1.564117  0.000559
5919 -105.133333  0.000000  1.000000  7.282422   1.564117  0.000559
5920 -108.166667  0.000000  1.000000  7.282422   1.564117  0.000559
5921 -105.350000  0.000000  1.000000  7.282422   1.564117  0.000559
5922 -103.866667  0.000000  1.000000  7.282422   1.564117  0.000559
5923 -102.833333  0.000000  1.000000  7.282422   1.564117  0.000559
5924 -100.233333  0.216667  1.000000  7.282422   1.564117  0.000559
5925 -101.983333  0.000000  1.000000  7.282422   1.564117  0.000559
5926 -103.350000  0.000000  1.000000  7.282422   1.564117  0.000559
5927 -104.100000  0.000000  1.000000  7.282422   1.564117  0.000559
5928 -103.650000  0.000000  1.000000  7.282422   1.564117  0.000559
5929 -103.650000  0.000000  1.000000  7.282422   1.564117  0.000559
5930 -104.000000  0.000000  1.000000  7.282422   1.564117  0.000559
5931 -103.183333  0.000000  1.000000  7.282422   1.564117  0.000559
5932 -102.516667  0.000000  1.000000  7.282422   1.564117  0.000559
5933 -102.716667  0.000000  1.000000  7.282422   1.564117  0.000559
5934 -102.766667  0.000000  1.000000  7.282422   1.564117  0.000559
5935 -102.383333  0.000000  1.000000  7.282422   1.564117  0.000559
5936 -102.850000  0.000000  1.000000  7.282422   1.564117  0.000559
5937 -102.616667  0.000000  1.000000  7.282422   1.564117  0.000559
5938 -103.000000  0.000000  1.000000  7.282422   1.564117  0.000559
5939 -103.283333  0.000000  1.000000  7.282422   1.564117  0.000559
5940 -103.200000  0.000000  1.000000  7.282422   1.564117  0.000559
5941 -103.200000  0.000000  1.000000  7.282422   1.564117  0.000559
5942 -102.966667  0.000000  1.000000  7.282422   1.564117  0.000559
5943 -102.266667  0.000000  1.000000  7.282422   1.564117  0.000559
5944 -102.575000  0.000000  1.000000  7.282422   1.564117  0.000559
5945 -102.566667  0.000000  1.000000  7.282422   1.564117  0.000559
5946 -102.366667  0.000000  1.000000  7.282422   1.564117  0.000559
5947 -102.866667  0.000000  1.000000  7.282422   1.564117  0.000559
5948 -103.066667  0.000000  1.000000  7.282422   1.564117  0.000559
5949 -103.316667  0.000000  1.000000  7.282422   1.564117  0.000559
5950 -103.083333  0.000000  1.000000  7.282422   1.564117  0.000559
5951 -103.133333  0.000000  1.000000  7.282422   1.564117  0.000559
5952 -102.616667  0.000000  1.000000  7.282422   1.564117  0.000559
5953 -102.550000  0.000000  1.000000  7.282422   1.564117  0.000559
5954 -102.333333  0.000000  1.000000  7.282422   1.564117  0.000559
5955 -102.383333  0.000000  1.000000  7.282422   1.564117  0.000559
5956 -102.533333  0.000000  1.000000  7.282422   1.564117  0.000559
5957 -102.600000  0.000000  1.000000  7.282422   1.564117  0.000559
5958 -102.916667  0.000000  1.000000  7.282422   1.564117  0.000559
5959 -103.183333  0.000000  1.000000  7.282422   1.564117  0.000559
5960 -103.083333  0.000000  1.000000  7.282422   1.564117  0.000559
5961 -102.883333  0.000000  1.000000  7.282422   1.564117  0.000559
5962 -103.116667  0.000000  1.000000  7.282422   1.564117  0.000559
5963 -102.366667  0.000000  1.000000  7.282422   1.564117  0.000559
5964 -102.341667  0.000000  1.000000  7.282422   1.564117  0.000559
5965 -102.333333  0.000000  1.000000  7.282422   1.564117  0.000559
5966 -102.516667  0.000000  1.000000  7.282422   1.564117  0.000559
5967 -102.750000  0.000000  1.000000  7.282422   1.564117  0.000559
5968 -103.166667  0.000000  1.000000  7.282422   1.564117  0.000559
5969 -103.233333  0.000000  1.000000  7.282422   1.564117  0.000559
5970 -103.566667  0.000000  1.000000  7.282422   1.564117  0.000559
5971 -103.150000  0.000000  1.000000  7.282422   1.564117  0.000559
5972 -102.633333  0.000000  1.000000  7.282422   1.564117  0.000559
5973 -101.866667  0.000000  1.000000  7.282422   1.564117  0.000559
5974  -99.150000  0.083333  1.000000  7.282422   1.564117  0.000559
5975  -99.100000  0.000000  1.000000  7.282422   1.564117  0.000559
5976 -101.366667  0.000000  1.000000  7.282422   1.564117  0.000559
5977 -102.016667  0.000000  1.000000  7.282422   1.564117  0.000559
5978 -102.900000  0.000000  1.000000  7.282422   1.564117  0.000559
5979 -103.000000  0.000000  1.000000  7.282422   1.564117  0.000559
5980 -103.000000  0.000000  1.000000  7.282422   1.564117  0.000559
5981 -102.866667  0.000000  1.000000  7.282422   1.564117  0.000559
5983 -102.050000  0.000000  1.000000  7.282422   1.564117  0.000559
5984 -101.950000  0.000000  1.000000  7.282422   1.564117  0.000559
5985 -101.966667  0.000000  1.000000  7.282422   1.564117  0.000559
5986 -102.266667  0.000000  1.000000  7.282422   1.564117  0.000559
5987 -102.116667  0.000000  1.000000  7.282422   1.564117  0.000559
5988 -102.750000  0.000000  1.000000  7.282422   1.564117  0.000559
5989 -102.900000  0.000000  1.000000  7.282422   1.564117  0.000559
5990 -102.766667  0.000000  1.000000  7.282422   1.564117  0.000559
5991 -102.483333  0.000000  1.000000  7.282422   1.564117  0.000559
5992 -102.333333  0.000000  1.000000  7.282422   1.564117  0.000559
5993 -101.833333  0.000000  1.000000  7.282422   1.564117  0.000559
5994 -101.916667  0.000000  1.000000  7.282422   1.564117  0.000559
5995 -102.016667  0.000000  1.000000  7.282422   1.564117  0.000559
5996 -101.850000  0.000000  1.000000  7.282422   1.564117  0.000559
5997 -101.750000  0.000000  1.000000  7.282422   1.564117  0.000559
5998 -102.466667  0.000000  1.000000  7.282422   1.564117  0.000559
5999 -102.433333  0.000000  1.000000  7.282422   1.564117  0.000559
6000 -102.116667  0.000000  1.000000  7.282422   1.564117  0.000559
6001 -102.241667  0.000000  1.000000  7.282422   1.564117  0.000559
6003 -101.633333  0.000000  1.000000  7.282422   1.564117  0.000559
6004 -101.633333  0.000000  1.000000  7.282422   1.564117  0.000559
6005 -101.700000  0.000000  1.000000  7.282422   1.564117  0.000559
6006 -102.016667  0.000000  1.000000  7.282422   1.564117  0.000559
6007 -101.900000  0.000000  1.000000  7.282422   1.564117  0.000559
6008 -102.083333  0.000000  1.000000  7.282422   1.564117  0.000559
6009 -102.600000  0.000000  1.000000  7.282422   1.564117  0.000559
6010 -102.300000  0.000000  1.000000  7.282422   1.564117  0.000559
6011 -102.183333  0.000000  1.000000  7.282422   1.564117  0.000559
6012 -101.933333  0.000000  1.000000  7.282422   1.564117  0.000559
6013 -101.383333  0.000000  1.000000  7.282422   1.564117  0.000559
6014 -101.416667  0.000000  1.000000  7.282422   1.564117  0.000559
6015 -101.783333  0.000000  1.000000  7.282422   1.564117  0.000559
6016 -101.416667  0.000000  1.000000  7.282422   1.564117  0.000559
6017 -101.833333  0.000000  1.000000  7.282422   1.564117  0.000559
6018 -101.900000  0.000000  1.000000  7.282422   1.564117  0.000559
6019 -102.425000  0.000000  1.000000  7.282422   1.564117  0.000559
6020 -101.966667  0.000000  1.000000  7.282422   1.564117  0.000559
6021 -101.900000  0.000000  1.000000  7.282422   1.564117  0.000559
6022 -101.000000  0.000000  1.000000  7.282422   1.564117  0.000559
6023 -100.700000  0.000000  1.000000  7.282422   1.564117  0.000559
6024  -99.233333  0.000000  1.000000  7.282422   1.564117  0.000559
6025  -99.650000  0.000000  1.000000  7.282422   1.564117  0.000559
6026 -100.900000  0.000000  1.000000  7.282422   1.564117  0.000559
6027 -101.183333  0.000000  1.000000  7.282422   1.564117  0.000559
6028 -102.100000  0.000000  1.000000  7.282422   1.564117  0.000559
6029 -101.700000  0.000000  1.000000  7.282422   1.564117  0.000559
6030 -101.800000  0.000000  1.000000  7.282422   1.564117  0.000559
6031 -102.050000  0.000000  1.000000  7.282422   1.564117  0.000559
6032 -101.316667  0.000000  1.000000  7.282422   1.564117  0.000559
6033 -101.050000  0.000000  1.000000  7.282422   1.564117  0.000559
6034 -101.200000  0.000000  1.000000  7.282422   1.564117  0.000559
6035 -101.016667  0.000000  1.000000  7.282422   1.564117  0.000559
6036 -100.800000  0.000000  1.000000  7.282422   1.564117  0.000559
6037 -100.900000  0.000000  1.000000  7.282422   1.564117  0.000559
6038 -101.300000  0.000000  1.000000  7.282422   1.564117  0.000559
6039 -102.008333  0.000000  1.000000  7.282422   1.564117  0.000559
6040 -101.716667  0.000000  1.000000  7.282422   1.564117  0.000559
6041 -101.283333  0.000000  1.000000  7.282422   1.564117  0.000559
6042 -101.283333  0.000000  1.000000  7.282422   1.564117  0.000559
6043 -100.650000  0.000000  1.000000  7.282422   1.564117  0.000559
6044 -100.933333  0.000000  1.000000  7.282422   1.564117  0.000559
6045 -100.966667  0.000000  1.000000  7.282422   1.564117  0.000559
6046 -100.983333  0.000000  1.000000  7.282422   1.564117  0.000559
6047 -101.116667  0.000000  1.000000  7.282422   1.564117  0.000559
6048 -101.600000  0.000000  1.000000  7.282422   1.564117  0.000559
6049 -101.266667  0.000000  1.000000  7.282422   1.564117  0.000559
6050 -101.366667  0.000000  1.000000  7.282422   1.564117  0.000559
6051 -101.833333  0.000000  1.000000  7.282422   1.564117  0.000559
6052 -100.983333  0.000000  1.000000  7.282422   1.564117  0.000559
6053 -100.566667  0.000000  1.000000  7.282422   1.564117  0.000559
6054 -100.833333  0.000000  1.000000  7.282422   1.564117  0.000559
6055 -100.650000  0.000000  1.000000  7.282422   1.564117  0.000559
6056 -100.650000  0.000000  1.000000  7.282422   1.564117  0.000559
6057 -100.683333  0.000000  1.000000  7.282422   1.564117  0.000559
6058 -100.816667  0.000000  1.000000  7.282422   1.564117  0.000559
6059 -101.241667  0.000000  1.000000  7.282422   1.564117  0.000559
6060 -101.216667  0.000000  1.000000  7.282422   1.564117  0.000559
6061 -100.916667  0.000000  1.000000  7.282422   1.564117  0.000559
6062 -100.433333  0.000000  1.000000  7.282422   1.564117  0.000559
6063 -100.116667  0.000000  1.000000  7.282422   1.564117  0.000559
6064 -100.450000  0.000000  1.000000  7.282422   1.564117  0.000559
6065 -100.383333  0.000000  1.000000  7.282422   1.564117  0.000559
6066 -100.350000  0.000000  1.000000  7.282422   1.564117  0.000559
6067 -100.566667  0.000000  1.000000  7.282422   1.564117  0.000559
6068 -101.100000  0.000000  1.000000  7.282422   1.564117  0.000559
6069 -100.916667  0.000000  1.000000  7.282422   1.564117  0.000559
6070 -101.366667  0.000000  1.000000  7.282422   1.564117  0.000559
6071 -100.966667  0.000000  1.000000  7.282422   1.564117  0.000559
6072 -100.233333  0.000000  1.000000  7.282422   1.564117  0.000559
6073 -100.200000  0.000000  1.000000  7.282422   1.564117  0.000559
6074  -99.683333  0.000000  1.000000  7.282422   1.564117  0.000559
6075  -98.150000  1.033333  1.033333  7.282422   1.564117  0.000559
6076  -99.850000  0.000000  1.000000  7.282422   1.564117  0.000559
6078 -100.708333  0.000000  1.000000  7.282422   1.564117  0.000559
6079 -101.083333  0.000000  1.000000  7.282422   1.564117  0.000559
6080 -100.750000  0.000000  1.000000  7.282422   1.564117  0.000559
6081 -100.983333  0.000000  1.000000  7.282422   1.564117  0.000559
6082 -100.133333  0.000000  1.000000  7.282422   1.564117  0.000559
6083  -99.900000  0.083333  1.000000  7.282422   1.564117  0.000559
6084 -100.200000  0.000000  1.000000  7.282422   1.564117  0.000559
6085  -99.850000  0.000000  1.000000  7.282422   1.564117  0.000559
6086 -100.066667  0.000000  1.000000  7.282422   1.564117  0.000559
6087 -100.300000  0.000000  1.000000  7.282422   1.564117  0.000559
6088 -100.366667  0.000000  1.000000  7.282422   1.564117  0.000559
6089 -100.550000  0.000000  1.000000  7.282422   1.564117  0.000559
6090 -100.950000  0.000000  1.000000  7.282422   1.564117  0.000559
6091 -100.583333  0.000000  1.000000  7.282422   1.564117  0.000559
6092 -100.133333  0.000000  1.000000  7.282422   1.564117  0.000559
6093 -100.100000  0.000000  1.000000  7.282422   1.564117  0.000559
6094  -99.966667  0.000000  1.000000  7.282422   1.564117  0.000559
6095 -100.016667  0.000000  1.000000  7.282422   1.564117  0.000559
6096 -100.058333  0.000000  1.000000  7.282422   1.564117  0.000559
6098 -100.466667  0.000000  1.000000  7.282422   1.564117  0.000559
6099 -100.650000  0.000000  1.000000  7.282422   1.564117  0.000559
6100 -100.650000  0.000000  1.000000  7.282422   1.564117  0.000559
6101 -100.833333  0.000000  1.000000  7.282422   1.564117  0.000559
6102 -100.666667  0.000000  1.000000  7.282422   1.564117  0.000559
6103 -100.433333  0.000000  1.000000  7.282422   1.564117  0.000559
6104 -100.633333  0.000000  1.000000  7.282422   1.564117  0.000559
6105 -100.316667  0.000000  1.000000  7.282422   1.564117  0.000559
6106  -99.950000  0.000000  1.000000  7.282422   1.564117  0.000559
6107 -100.300000  0.000000  1.000000  7.282422   1.564117  0.000559
6108 -100.700000  0.000000  1.000000  7.282422   1.564117  0.000559
6109 -103.066667  0.000000  1.000000  7.282422   1.564117  0.000559