             dbm   dbm_var     colon  colon_var       dot   dot_var
4920  -98.963821  0.620325  1.015041   7.282422  1.564117  0.000559
4925  -98.774390  0.628862  1.017073   7.282422  1.564117  0.000559
4930  -98.850000  0.603659  1.018293   7.282422  1.564117  0.000559
4935  -98.616260  0.766667  1.020732   7.282422  1.564117  0.000559
4940  -98.641870  0.780894  1.023984   7.282422  1.564117  0.000559
4945  -98.568293  0.835366  1.026016   7.282422  1.564117  0.000559
4950  -98.539837  0.863821  1.026829   7.282422  1.564117  0.000559
4955  -98.446341  0.938618  1.029268   7.282422  1.564117  0.000559
4960  -98.368293  1.017480  1.026423   7.282422  1.564117  0.000559
4965  -98.214634  1.150813  1.025610   7.282422  1.564117  0.000559
4970  -98.090244  1.252439  1.024797   7.282422  1.564117  0.000559
4975  -97.959756  1.349593  1.021545   7.282422  1.564117  0.000559
4980  -97.889024  1.400000  1.019919   7.282422  1.564117  0.000559
4985  -97.602846  1.586585  1.022358   7.282422  1.564117  0.000559
4990  -97.516667  1.655285  1.019106   7.282422  1.564117  0.000559
4995  -97.395122  1.740244  1.018293   7.282422  1.564117  0.000559
5000  -97.321138  1.786179  1.016667   7.282422  1.564117  0.000559
5005  -97.199593  1.850813  1.015854   7.282422  1.564117  0.000559
5010  -97.133740  1.877642  1.017480   7.282422  1.564117  0.000559
5015  -97.013008  1.930081  1.015854   7.282422  1.564117  0.000559
5020  -96.958537  1.944309  1.015041   7.282422  1.564117  0.000559
5025  -96.872358  1.976016  1.010163   7.282422  1.564117  0.000559
5030  -96.837805  1.978049  1.009350   7.282422  1.564117  0.000559
5035  -96.689024  2.043902  1.008130   7.282422  1.564117  0.000559
5040  -96.615041  2.067073  1.009756   7.282422  1.564117  0.000559
5045  -96.490650  2.117073  1.009756   7.282422  1.564117  0.000559
5050  -96.425203  2.136992  1.009756   7.282422  1.564117  0.000559
5055  -96.320732  2.179268  1.007317   7.282422  1.564117  0.000559
5060  -96.258130  2.218699  1.009350   7.282422  1.564117  0.000559
5065  -96.117073  2.315854  1.009756   7.282422  1.564117  0.000559
5070  -96.035366  2.376423  1.010569   7.282422  1.564117  0.000559
5075  -95.957724  2.425203  1.008943   7.282422  1.564117  0.000559
5080  -96.060163  2.389431  1.008130   7.282422  1.564117  0.000559
5085  -96.004065  2.434553  1.007317   7.282422  1.564117  0.000559
5090  -95.996748  2.458537  1.007317   7.282422  1.564117  0.000559
5095  -95.908537  2.526016  1.008130   7.282422  1.564117  0.000559
5100  -95.895528  2.542276  1.008130   7.282422  1.564117  0.000559
5105  -95.849187  2.574797  1.008943   7.282422  1.564117  0.000559
5110  -95.864634  2.560569  1.011382   7.282422  1.564117  0.000559
5115  -95.795122  2.621951  1.015447   7.282422  1.564117  0.000559
5120  -95.748374  2.647561  1.017480   7.282422  1.564117  0.000559
5125  -95.563008  2.769106  1.017073   7.282422  1.564117  0.000559
5130  -95.494715  2.836585  1.017073   7.282422  1.564117  0.000559
5135  -95.366260  2.936179  1.018293   7.282422  1.564117  0.000559
5140  -95.330488  2.973577  1.019106   7.282422  1.564117  0.000559
5145  -95.263821  3.034146  1.021545   7.282422  1.564117  0.000559
5150  -95.249187  3.052439  1.021545   7.282422  1.564117  0.000559
5155  -95.179675  3.105691  1.018699   7.282422  1.564117  0.000559
5160  -95.151220  3.130488  1.018293   7.282422  1.564117  0.000559
5165  -95.084146  3.188618  1.020325   7.282422  1.564117  0.000559
5170  -95.104878  3.165447  1.022358   7.282422  1.564117  0.000559
5175  -95.103252  3.174390  1.024390   7.282422  1.564117  0.000559
5180  -95.171951  3.134553  1.026829   7.282422  1.564117  0.000559
5185  -95.031301  3.218699  1.026423   7.282422  1.564117  0.000559
5190  -95.060163  3.207724  1.027642   7.282422  1.564117  0.000559
5195  -95.056098  3.210163  1.027642   7.282422  1.564117  0.000559
5200  -95.104065  3.176829  1.028049   7.282422  1.564117  0.000559
5205  -95.082114  3.193496  1.027642   7.282422  1.564117  0.000559
5210  -95.102439  3.184959  1.028862   7.282422  1.564117  0.000559
5215  -95.082927  3.186179  1.027642   7.282422  1.564117  0.000559
5220  -95.090244  3.176829  1.027236   7.282422  1.564117  0.000559
5225  -95.101220  3.185772  1.020732   7.282422  1.564117  0.000559
5230  -95.204065  3.101626  1.022358   7.282422  1.564117  0.000559
5235  -95.081301  3.168293  1.023984   7.282422  1.564117  0.000559
5240  -95.080894  3.166667  1.023171   7.282422  1.564117  0.000559
5245  -95.070732  3.169106  1.023984   7.282422  1.564117  0.000559
5250  -95.104065  3.139024  1.024390   7.282422  1.564117  0.000559
5255  -95.086179  3.149593  1.022358   7.282422  1.564117  0.000559
5260  -95.107317  3.131707  1.023171   7.282422  1.564117  0.000559
5265  -95.092683  3.134553  1.023984   7.282422  1.564117  0.000559
5270  -95.104878  3.129675  1.020732   7.282422  1.564117  0.000559
5275  -95.140244  3.106911  1.018699   7.282422  1.564117  0.000559
5280  -95.361789  2.975203  1.017886   7.282422  1.564117  0.000559
5285  -95.402033  2.950407  1.013821   7.282422  1.564117  0.000559
5290  -95.483740  2.890650  1.015041   7.282422  1.564117  0.000559
5295  -95.475610  2.897561  1.013415   7.282422  1.564117  0.000559
5300  -95.516667  2.858537  1.013008   7.282422  1.564117  0.000559
5305  -95.531301  2.839024  1.014634   7.282422  1.564117  0.000559
5310  -95.580488  2.795122  1.014228   7.282422  1.564117  0.000559
5315  -95.567480  2.812602  1.014228   7.282422  1.564117  0.000559
5320  -95.582927  2.785772  1.015447   7.282422  1.564117  0.000559
5325  -95.423171  2.887805  1.017886   7.282422  1.564117  0.000559
5330  -95.410163  2.906098  1.013821   7.282422  1.564117  0.000559
5335  -95.293902  2.973577  1.015447   7.282422  1.564117  0.000559
5340  -95.308537  2.965041  1.017480   7.282422  1.564117  0.000559
5345  -95.272358  2.996748  1.017480   7.282422  1.564117  0.000559
5350  -95.293902  2.983740  1.020732   7.282422  1.564117  0.000559
5355  -95.283740  2.978862  1.019512   7.282422  1.564117  0.000559
5360  -95.324797  2.938211  1.018699   7.282422  1.564117  0.000559
5365  -95.332114  2.920325  1.019106   7.282422  1.564117  0.000559
5370  -95.389024  2.866260  1.019106   7.282422  1.564117  0.000559
5375  -95.445122  2.817886  1.019106   7.282422  1.564117  0.000559
5380  -95.559756  2.732114  1.017073   7.282422  1.564117  0.000559
5385  -95.568293  2.718699  1.017073   7.282422  1.564117  0.000559
5390  -95.632927  2.658943  1.015041   7.282422  1.564117  0.000559
5395  -95.646748  2.647561  1.014634   7.282422  1.564117  0.000559
5400  -95.690650  2.620732  1.013008   7.282422  1.564117  0.000559
5405  -95.698780  2.607724  1.012602   7.282422  1.564117  0.000559
5410  -95.760976  2.561382  1.012195   7.282422  1.564117  0.000559
5415  -95.785366  2.538618  1.010163   7.282422  1.564117  0.000559
5420  -95.834959  2.506504  1.011789   7.282422  1.564117  0.000559
5425  -95.851626  2.489024  1.010569   7.282422  1.564117  0.000559
5430  -95.927236  2.431301  1.008537   7.282422  1.564117  0.000559
5435  -95.845122  2.510569  1.008537   7.282422  1.564117  0.000559
5440  -95.910569  2.471138  1.008537   7.282422  1.564117  0.000559
5445  -95.925203  2.456098  1.006911   7.282422  1.564117  0.000559
5450  -95.993496  2.425610  1.006911   7.282422  1.564117  0.000559
5455  -96.015447  2.391463  1.006911   7.282422  1.564117  0.000559
5460  -96.096748  2.342276  1.006098   7.282422  1.564117  0.000559
5465  -96.108537  2.308943  1.005285   7.282422  1.564117  0.000559
5470  -96.170732  2.258943  1.004472   7.282422  1.564117  0.000559
5475  -96.250407  2.177236  1.002033   7.282422  1.564117  0.000559
5480  -96.532114  2.028455  1.004878   7.282422  1.564117  0.000559
5485  -96.522358  2.065854  1.007317   7.282422  1.564117  0.000559
5490  -96.673984  2.003252  1.013008   7.282422  1.564117  0.000559
5495  -96.745122  1.987805  1.014228   7.282422  1.564117  0.000559
5500  -96.828455  1.973984  1.014228   7.282422  1.564117  0.000559
5505  -96.878455  1.962195  1.013821   7.282422  1.564117  0.000559
5510  -96.990244  1.947154  1.014634   7.282422  1.564117  0.000559
5515  -97.048374  1.941057  1.014634   7.282422  1.564117  0.000559
5520  -97.102439  1.933740  1.015447   7.282422  1.564117  0.000559
5525  -97.017886  1.958943  1.012195   7.282422  1.564117  0.000559
5530  -97.093089  1.910569  1.011382   7.282422  1.564117  0.000559
5535  -97.073984  1.926829  1.008130   7.282422  1.564117  0.000559
5540  -97.129268  1.904472  1.010163   7.282422  1.564117  0.000559
5545  -97.167073  1.900813  1.010163   7.282422  1.564117  0.000559
5550  -97.228049  1.871545  1.013008   7.282422  1.564117  0.000559
5555  -97.258537  1.854878  1.012195   7.282422  1.564117  0.000559
5560  -97.331707  1.814634  1.016260   7.282422  1.564117  0.000559
5565  -97.357724  1.807724  1.012602   7.282422  1.564117  0.000559
5570  -97.410976  1.772764  1.015854   7.282422  1.564117  0.000559
5575  -97.443902  1.751220  1.015447   7.282422  1.564117  0.000559
5580  -97.532927  1.693902  1.018699   7.282422  1.564117  0.000559
5585  -97.478455  1.704878  1.016667   7.282422  1.564117  0.000559
5590  -97.542683  1.650000  1.020732   7.282422  1.564117  0.000559
5595  -97.555691  1.645122  1.023171   7.282422  1.564117  0.000559
5600  -97.606098  1.596341  1.023984   7.282422  1.564117  0.000559
5605  -97.613415  1.589431  1.021951   7.282422  1.564117  0.000559
5610  -97.680894  1.525203  1.023577   7.282422  1.564117  0.000559
5615  -97.694309  1.519919  1.019512   7.282422  1.564117  0.000559
5620  -97.692683  1.522764  1.018293   7.282422  1.564117  0.000559
5625  -97.696341  1.538618  1.020732   7.282422  1.564117  0.000559
5630  -97.809350  1.471951  1.020732   7.282422  1.564117  0.000559
5635  -97.709756  1.518699  1.021545   7.282422  1.564117  0.000559
5640  -97.777642  1.473171  1.026423   7.282422  1.564117  0.000559
5645  -97.839024  1.415447  1.028455   7.282422  1.564117  0.000559
5650  -97.926016  1.350407  1.030488   7.282422  1.564117  0.000559
5655  -97.970325  1.296341  1.029268   7.282422  1.564117  0.000559
5660  -98.079675  1.193496  1.031301   7.282422  1.564117  0.000559
5665  -98.163415  1.118699  1.031707   7.282422  1.564117  0.000559
5670  -98.215447  1.061382  1.026829   7.282422  1.564117  0.000559
5675  -98.304878  0.986585  1.021951   7.282422  1.564117  0.000559
5680  -98.628049  0.853252  1.019919   7.282422  1.564117  0.000559
5685  -98.670732  0.839024  1.015447   7.282422  1.564117  0.000559
5690  -98.806504  0.742683  1.009350   7.282422  1.564117  0.000559
5695  -98.873171  0.677236  1.008130   7.282422  1.564117  0.000559
5700  -99.007724  0.589024  1.006098   7.282422  1.564117  0.000559
5705  -99.108537  0.502846  1.004878   7.282422  1.564117  0.000559
5710  -99.288211  0.385366  1.001626   7.282422  1.564117  0.000559
5715  -99.416260  0.292276  1.001626   7.282422  1.564117  0.000559
5720  -99.531301  0.212195  1.000000   7.282422  1.564117  0.000559
5725  -99.492276  0.156911  1.000000   7.282422  1.564117  0.000559
5730  -99.624797  0.101626  1.000000   7.282422  1.564117  0.000559
5735  -99.628049  0.127642  1.000000   7.282422  1.564117  0.000559
5740  -99.755285  0.092683  1.000000   7.282422  1.564117  0.000559
5745  -99.866667  0.072358  1.000000   7.282422  1.564117  0.000559
5750 -100.010569  0.064634  1.000000   7.282422  1.564117  0.000559
5755 -100.125610  0.064634  1.000000   7.282422  1.564117  0.000559
5760 -100.304878  0.060569  1.000000   7.282422  1.564117  0.000559
5765 -100.437398  0.054472  1.000000   7.282422  1.564117  0.000559
5770 -100.618293  0.052439  1.000000   7.282422  1.564117  0.000559
5775 -100.773171  0.028049  1.000000   7.282422  1.564117  0.000559
5780 -100.982114  0.000000  1.000000   7.282422  1.564117  0.000559
5785 -101.015447  0.000000  1.000000   7.282422  1.564117  0.000559
5790 -101.163821  0.000000  1.000000   7.282422  1.564117  0.000559
5795 -101.261382  0.000000  1.000000   7.282422  1.564117  0.000559
5800 -101.396341  0.000000  1.000000   7.282422  1.564117  0.000559
5805 -101.488211  0.000000  1.000000   7.282422  1.564117  0.000559
5810 -101.642276  0.000000  1.000000   7.282422  1.564117  0.000559
5815 -101.750000  0.000000  1.000000   7.282422  1.564117  0.000559
5820 -101.933740  0.000000  1.000000   7.282422  1.564117  0.000559
5825 -102.049593  0.000000  1.000000   7.282422  1.564117  0.000559
5830 -102.224797  0.000000  1.000000   7.282422  1.564117  0.000559
5835 -102.182927  0.000000  1.000000   7.282422  1.564117  0.000559
5840 -102.257317  0.000000  1.000000   7.282422  1.564117  0.000559
5845 -102.309350  0.000000  1.000000   7.282422  1.564117  0.000559
5850 -102.377642  0.000000  1.000000   7.282422  1.564117  0.000559
5855 -102.410976  0.000000  1.000000   7.282422  1.564117  0.000559
5860 -102.476016  0.000000  1.000000   7.282422  1.564117  0.000559
5865 -102.479268  0.000000  1.000000   7.282422  1.564117  0.000559
5870 -102.530894  0.000000  1.000000   7.282422  1.564117  0.000559
5875 -102.619106  0.000000  1.000000   7.282422  1.564117  0.000559
5880 -102.918293  0.000000  1.000000   7.282422  1.564117  0.000559
5885 -102.943496  0.005285  1.000000   7.282422  1.564117  0.000559
5890 -103.093902  0.005285  1.000000   7.282422  1.564117  0.000559
5895 -103.076016  0.005285  1.000000   7.282422  1.564117  0.000559
5900 -103.104472  0.005285  1.000000   7.282422  1.564117  0.000559
5905 -103.100610  0.005285  1.000000   7.282422  1.564117  0.000559
5910 -103.140447  0.005285  1.000000   7.282422  1.564117  0.000559
5915 -103.096951  0.005285  1.000000   7.282422  1.564117  0.000559
5920 -103.056301  0.005285  1.000000   7.282422  1.564117  0.000559
5925 -102.875610  0.000000  1.000000   7.282422  1.564117  0.000559
5930 -102.839024  0.000000  1.000000   7.282422  1.564117  0.000559
5935 -102.612602  0.002033  1.000000   7.282422  1.564117  0.000559
5940 -102.567480  0.002033  1.000000   7.282422  1.564117  0.000559
5945 -102.491667  0.002033  1.000000   7.282422  1.564117  0.000559
5950 -102.463211  0.002033  1.000000   7.282422  1.564117  0.000559
5955 -102.371341  0.002033  1.000000   7.282422  1.564117  0.000559
5960 -102.307724  0.002033  1.000000   7.282422  1.564117  0.000559
5965 -102.188008  0.002033  1.000000   7.282422  1.564117  0.000559
5970 -102.117276  0.002033  1.000000   7.282422  1.564117  0.000559
5975 -102.055488  0.000000  1.000000   7.282422  1.564117  0.000559
5980 -102.075203  0.000000  1.000000   7.282422  1.564117  0.000559
5985 -101.827236  0.000000  1.000000   7.282422  1.564117  0.000559
5990 -101.733740  0.000000  1.000000   7.282422  1.564117  0.000559
5995 -101.596748  0.000000  1.000000   7.282422  1.564117  0.000559
6000 -101.522967  0.000000  1.000000   7.282422  1.564117  0.000559
6005 -101.411382  0.000000  1.000000   7.282422  1.564117  0.000559
6010 -101.313415  0.000000  1.000000   7.282422  1.564117  0.000559
6015 -101.202439  0.000000  1.000000   7.282422  1.564117  0.000559
6020 -101.070732  0.000000  1.000000   7.282422  1.564117  0.000559
6025 -101.080081  0.000000  1.000000   7.282422  1.564117  0.000559
6030 -100.976423  0.000000  1.000000   7.282422  1.564117  0.000559
6035 -100.810772  0.025203  1.000813   7.282422  1.564117  0.000559
6040 -100.704472  0.027236  1.000813   7.282422  1.564117  0.000559
6045 -100.606098  0.027236  1.000813   7.282422  1.564117  0.000559
6050 -100.487398  0.027236  1.000813   7.282422  1.564117  0.000559
6055 -100.425813  0.027236  1.000813   7.282422  1.564117  0.000559